%YAML:1.0
---
intrinsicMatrix: !!opencv-matrix
   rows: 3
   cols: 3
   dt: d
   data: [ 2729.2959589453499, 0., 0., 0., 2728.5707911831864, 0.,
       1595.8780462637819, 1164.3274741120108, 1. ]
distortionCoefficients: !!opencv-matrix
   rows: 1
   cols: 5
   dt: d
   data: [ 0.02212694482675942, -0.035882692833223373,
       0.00075784099143037678, -0.00010757608546768721,
       -0.0095339598254558476 ]
R: !!opencv-matrix
   rows: 3
   cols: 3
   dt: d
   data: [ 0.99847525358200073, 0.051387209445238113,
       -0.020161721855401993, 0.051058724522590637, -0.99855965375900269,
       -0.016482628881931305, -0.020979678258299828,
       0.015428065322339535, -0.99966084957122803 ]
T: !!opencv-matrix
   rows: 3
   cols: 1
   dt: d
   data: [ -204.42139282080811, -13.807116528390218, 1299.1607503796117 ]
