%YAML:1.0
---
intrinsicMatrix: !!opencv-matrix
   rows: 3
   cols: 3
   dt: d
   data: [ 3903.2728521281538, 0., 0., 0., 3901.8367292026383, 0.,
       1617.2378621931775, 1047.5774148245243, 1. ]
distortionCoefficients: !!opencv-matrix
   rows: 1
   cols: 5
   dt: d
   data: [ 0.028886438763653377, -0.00022240503799808751,
       -0.0024001372162589236, 0.00047777808647578757,
       -0.19803563737672492 ]
R: !!opencv-matrix
   rows: 3
   cols: 3
   dt: d
   data: [ 0.04210560399106119, -0.83932383391997212,
       0.54199870134974582, -0.99909154789910382, -0.038941595266371615,
       0.017311371832278221, 0.0065764473322771867, -0.54223521648868245,
       -0.84020099178996388 ]
T: !!opencv-matrix
   rows: 3
   cols: 1
   dt: d
   data: [ -14.174288651536349, 146.43885055683563, 1406.1347750342068 ]
