%YAML:1.0
---
intrinsicMatrix: !!opencv-matrix
   rows: 3
   cols: 3
   dt: d
   data: [ 3028.8575726787453, 0., 0., 0., 2998.4714744348612, 0.,
       1596.4861445271347, 1091.2542267858835, 1. ]
distortionCoefficients: !!opencv-matrix
   rows: 1
   cols: 5
   dt: d
   data: [ -0.0095489047412861162, 0.089990633065543585,
       -0.0086610328682776693, -0.0088054941382342874,
       -0.22155253341600659 ]
R: !!opencv-matrix
   rows: 3
   cols: 3
   dt: d
   data: [ -0.41394302312157499, -0.22035486328699477,
       0.88322980031989684, -0.91024338918566738, 0.11128183037969791,
       -0.39884004211107765, -0.010401085175609301, -0.96905112091369261,
       -0.246640890259436 ]
T: !!opencv-matrix
   rows: 3
   cols: 1
   dt: d
   data: [ 118.65618040915199, -13.716015031337292, 819.75681595451533 ]
