%YAML:1.0
---
intrinsicMatrix: !!opencv-matrix
   rows: 3
   cols: 3
   dt: d
   data: [ 3077.4736347769899, 0., 0., 0., 3085.8399432035221, 0.,
       1607.0185672401642, 1174.5079101845702, 1. ]
distortionCoefficients: !!opencv-matrix
   rows: 1
   cols: 5
   dt: d
   data: [ 0.017879149216477461, 0.20128497589310687,
       0.0064087624072856923, 0.002343703591338266, -0.72026489897289792 ]
R: !!opencv-matrix
   rows: 3
   cols: 3
   dt: d
   data: [ 0.84318208956826324, 0.11105950051932487, -0.526032055595549,
       0.537261377912996, -0.1379281755161689, 0.83206134552798572,
       0.019853674861035779, -0.98419591198007927, -0.17596654426649785 ]
T: !!opencv-matrix
   rows: 3
   cols: 1
   dt: d
   data: [ -207.64287628507606, -18.803593487753005, 1195.6046466700341 ]
