%YAML:1.0
---
intrinsicMatrix: !!opencv-matrix
   rows: 3
   cols: 3
   dt: d
   data: [ 3014.0365370721534, 0., 0., 0., 2995.6314581816032, 0.,
       1488.4736645411247, 1058.4935815615745, 1. ]
distortionCoefficients: !!opencv-matrix
   rows: 1
   cols: 5
   dt: d
   data: [ -0.017622933114537723, 0.089389793940529677,
       -0.010774654383269451, -0.00951729218842297, -0.14305106929507938 ]
R: !!opencv-matrix
   rows: 3
   cols: 3
   dt: d
   data: [ -0.53560525477013488, 0.1435002665995988,
       -0.83218667189930828, 0.8444680099284223, 0.089956224344191038,
       -0.52799783184147642, -0.00090745880431017682,
       -0.98555341701587795, -0.16936240725653037 ]
T: !!opencv-matrix
   rows: 3
   cols: 1
   dt: d
   data: [ 168.39012059718729, -22.593464602154427, 1256.6626490066751 ]
