%YAML:1.0
---
intrinsicMatrix: !!opencv-matrix
   rows: 3
   cols: 3
   dt: d
   data: [ 2566.8587797458422, 0., 0., 0., 2563.1945701791315, 0.,
       1453.9763313350409, 1090.8403372945427, 1. ]
distortionCoefficients: !!opencv-matrix
   rows: 1
   cols: 5
   dt: d
   data: [ 0.023118655058295443, -0.060105573971290432,
       -0.0027035631988912207, -0.015585033599033642,
       0.043508742126487851 ]
R: !!opencv-matrix
   rows: 3
   cols: 3
   dt: d
   data: [ -0.094582977110985719, 0.20289837809230082,
       -0.97462109609156322, 0.99551488660466536, 0.021298115708498998,
       -0.092176750516602929, 0.0020550793057600826,
       -0.97896814262996601, -0.20400279073964359 ]
T: !!opencv-matrix
   rows: 3
   cols: 1
   dt: d
   data: [ 58.853200817226572, -52.522986875908146, 1154.3644101547582 ]
