%YAML:1.0
---
intrinsicMatrix: !!opencv-matrix
   rows: 3
   cols: 3
   dt: d
   data: [ 3032.4706431687773, 0., 0., 0., 3019.3920354426505, 0.,
       1583.5797450182074, 1196.9653338986179, 1. ]
distortionCoefficients: !!opencv-matrix
   rows: 1
   cols: 5
   dt: d
   data: [ 0.04186185160065159, -0.20254788102842153,
       -0.00062527729718408955, -0.0020318234239662626,
       0.38348042065015175 ]
R: !!opencv-matrix
   rows: 3
   cols: 3
   dt: d
   data: [ -0.89097518139816823, 0.11195641963021248,
       -0.44003290624050945, 0.45403408231739772, 0.22828987386365729,
       -0.86124145168793775, 0.0040335473478664537, -0.96713467688439481,
       -0.25423263663108059 ]
T: !!opencv-matrix
   rows: 3
   cols: 1
   dt: d
   data: [ 220.45701962036017, -122.29605676467509, 1180.2487129870783 ]
