%YAML:1.0
---
intrinsicMatrix: !!opencv-matrix
   rows: 3
   cols: 3
   dt: d
   data: [ 3023.0214962544142, 0., 0., 0., 3017.5012301045977, 0.,
       1656.7209397121358, 1182.5040073933999, 1. ]
distortionCoefficients: !!opencv-matrix
   rows: 1
   cols: 5
   dt: d
   data: [ 0.0542280005756995, -0.2554845799555891, 0.00172907540966609,
       0.010125062450915696, 0.56830968925210512 ]
R: !!opencv-matrix
   rows: 3
   cols: 3
   dt: d
   data: [ 0.47069711578708862, -0.17834845580532746,
       0.86408102967253897, -0.8821970033076999, -0.10972454983260435,
       0.45791814010691789, 0.013141908752085058, -0.97783042383378782,
       -0.20898549883728373 ]
T: !!opencv-matrix
   rows: 3
   cols: 1
   dt: d
   data: [ -144.52237122372759, 16.582759395812445, 823.80765458775716 ]
