%YAML:1.0
---
intrinsicMatrix: !!opencv-matrix
   rows: 3
   cols: 3
   dt: d
   data: [ 3896.4231068487793, 0., 0., 0., 3895.2888153454555, 0.,
       1503.8548236406687, 1167.8026617837479, 1. ]
distortionCoefficients: !!opencv-matrix
   rows: 1
   cols: 5
   dt: d
   data: [ 0.029788687685058927, 0.016055981935440715,
       0.0031653066166161111, -0.0045641383646445634,
       -0.12446098741123653 ]
R: !!opencv-matrix
   rows: 3
   cols: 3
   dt: d
   data: [ -0.69785774571192305, -0.58406989053849467,
       0.41455627127641848, -0.71622314337819926, 0.56555096422392093,
       -0.40887231292284548, 0.0043573085429640052, -0.58224949508276713,
       -0.81299847822920634 ]
T: !!opencv-matrix
   rows: 3
   cols: 1
   dt: d
   data: [ 194.56783965110108, 37.118936981670231, 1328.7192952808919 ]
