%YAML:1.0
---
intrinsicMatrix: !!opencv-matrix
   rows: 3
   cols: 3
   dt: d
   data: [ 3928.1732254612302, 0., 0., 0., 3921.8420262914847, 0.,
       1518.3335919347014, 1155.479811715757, 1. ]
distortionCoefficients: !!opencv-matrix
   rows: 1
   cols: 5
   dt: d
   data: [ 0.025826448821283893, -0.02281514558582013,
       -0.0018520856433843541, -0.0053188979589031985,
       -0.049556004983222074 ]
R: !!opencv-matrix
   rows: 3
   cols: 3
   dt: d
   data: [ 0.70232015581691765, 0.5675824753749692, -0.42964695357805904,
       0.7116377199511309, -0.57492270291178038, 0.40377678702397074,
       -0.017837159745889411, -0.58933354300739271, -0.80769288537378781 ]
T: !!opencv-matrix
   rows: 3
   cols: 1
   dt: d
   data: [ -147.27964410042196, -228.62083318079635, 1527.1868439195341 ]
