%YAML:1.0
---
intrinsicMatrix: !!opencv-matrix
   rows: 3
   cols: 3
   dt: d
   data: [ 3909.2674421757765, 0., 0., 0., 3907.6346005216033, 0.,
       1615.8610088974738, 1150.8129599590418, 1. ]
distortionCoefficients: !!opencv-matrix
   rows: 1
   cols: 5
   dt: d
   data: [ 0.040960524569239105, -0.13590606536005978,
       0.0040329554925704466, 0.0053019829709020682, 0.33390973741897095 ]
R: !!opencv-matrix
   rows: 3
   cols: 3
   dt: d
   data: [ -0.79462085188769993, 0.47523865115257574,
       -0.37779081319472357, 0.60601380767250512, 0.65821509790132526,
       -0.4466544551720642, 0.036400155623511579, -0.58386738202919641,
       -0.81103261040345231 ]
T: !!opencv-matrix
   rows: 3
   cols: 1
   dt: d
   data: [ 182.7871984261632, -229.76693458328407, 1526.0148687348178 ]
