%YAML:1.0
---
intrinsicMatrix: !!opencv-matrix
   rows: 3
   cols: 3
   dt: d
   data: [ 3228.0555089954655, 0., 0., 0., 3220.3696020427133, 0.,
       1767.7863122427964, 1038.3999028790402, 1. ]
distortionCoefficients: !!opencv-matrix
   rows: 1
   cols: 5
   dt: d
   data: [ -0.0094028953272750383, 0.22329292297617792,
       -0.00035896598749478678, 0.016911603920150661,
       -0.55906503419871223 ]
R: !!opencv-matrix
   rows: 3
   cols: 3
   dt: d
   data: [ -0.87663309966477854, -0.11208944103518884,
       0.46792129479104222, -0.48102873427768156, 0.18149735283669413,
       -0.85771214299001086, 0.011213998610037358, -0.97698242388336498,
       -0.21302482466379485 ]
T: !!opencv-matrix
   rows: 3
   cols: 1
   dt: d
   data: [ 162.85191662141156, -2.8390142613350235, 974.83784942180387 ]
