%YAML:1.0
---
intrinsicMatrix: !!opencv-matrix
   rows: 3
   cols: 3
   dt: d
   data: [ 3150.3419644711694, 0., 0., 0., 3164.7562623634321, 0.,
       1614.2571723564922, 1056.6408125103333, 1. ]
distortionCoefficients: !!opencv-matrix
   rows: 1
   cols: 5
   dt: d
   data: [ 0.081839161410073608, -0.067405877753643567,
       0.0066837464967413156, 0.0060605740926952967,
       -0.31328348109256021 ]
R: !!opencv-matrix
   rows: 3
   cols: 3
   dt: d
   data: [ 0.88141628391110005, -0.097427789095267364,
       0.46218300780831256, -0.47207049107830973, -0.14863618876446386,
       0.86894003668992614, -0.015961785652723784, -0.98408083846396366,
       -0.17700313847985885 ]
T: !!opencv-matrix
   rows: 3
   cols: 1
   dt: d
   data: [ -236.41322901994118, 29.81399228270061, 956.60548552437604 ]
