%YAML:1.0
---
intrinsicMatrix: !!opencv-matrix
   rows: 3
   cols: 3
   dt: d
   data: [ 3923.3940475606219, 0., 0., 0., 3919.5723349737355, 0.,
       1573.949101884476, 1076.49076453459, 1. ]
distortionCoefficients: !!opencv-matrix
   rows: 1
   cols: 5
   dt: d
   data: [ 0.0292917978433665, -0.098912627180170229,
       -0.0034260193841482984, -0.00038417880906636853,
       0.29630705087715942 ]
R: !!opencv-matrix
   rows: 3
   cols: 3
   dt: d
   data: [ -0.077896873833119606, 0.83612983217777259,
       -0.54297233182527915, 0.99696142949262456, 0.06522441627967912,
       -0.042587981227458667, -0.0001940285532268156,
       -0.54463993251692155, -0.83866995446705117 ]
T: !!opencv-matrix
   rows: 3
   cols: 1
   dt: d
   data: [ 41.911097994326525, -275.81660389209492, 1672.915734033106 ]
