%YAML:1.0
---
intrinsicMatrix: !!opencv-matrix
   rows: 3
   cols: 3
   dt: d
   data: [ 3905.4239531991047, 0., 0., 0., 3909.6490859469259, 0.,
       1603.4115954203157, 1197.594649009867, 1. ]
distortionCoefficients: !!opencv-matrix
   rows: 1
   cols: 5
   dt: d
   data: [ 0.025587894716916946, 0.029237889582762827,
       0.007090872284265329, -0.00061705216150829533,
       -0.027895442080067449 ]
R: !!opencv-matrix
   rows: 3
   cols: 3
   dt: d
   data: [ 0.74544638591993018, -0.55187571870345875,
       0.37382194847659683, -0.6664493713446441, -0.60660415634896214,
       0.43344744255160289, -0.012447170957303529, -0.57224522062453487,
       -0.81998808629907449 ]
T: !!opencv-matrix
   rows: 3
   cols: 1
   dt: d
   data: [ -189.40460141430759, 20.032914367542389, 1320.7878552283751 ]
