%YAML:1.0
---
intrinsicMatrix: !!opencv-matrix
   rows: 3
   cols: 3
   dt: d
   data: [ 3004.8112929717236, 0., 0., 0., 2975.3481283669607, 0.,
       1418.6087984941644, 1159.2809487095556, 1. ]
distortionCoefficients: !!opencv-matrix
   rows: 1
   cols: 5
   dt: d
   data: [ 0.00015283488679737508, 0.01735615564485507,
       -0.0037042447643452375, -0.018506526549020005,
       0.0024636128442814182 ]
R: !!opencv-matrix
   rows: 3
   cols: 3
   dt: d
   data: [ 0.35497740593795485, 0.19735588120844041,
       -0.91380614452102704, 0.93487488232119564, -0.075135882044895727,
       0.34693458483451678, -0.00019005045681849781,
       -0.97744833195577951, -0.21117459246455136 ]
T: !!opencv-matrix
   rows: 3
   cols: 1
   dt: d
   data: [ -20.68079840135627, -82.58122102850075, 1264.6253589707687 ]
