%YAML:1.0
---
intrinsicMatrix: !!opencv-matrix
   rows: 3
   cols: 3
   dt: d
   data: [ 3027.7724291194731, 0., 0., 0., 3047.7232963652668, 0.,
       1448.2374137281802, 1058.1457294427421, 1. ]
distortionCoefficients: !!opencv-matrix
   rows: 1
   cols: 5
   dt: d
   data: [ -0.0037550950326204029, 0.03884060482641833,
       -0.0081862796864234366, -0.014261043517862082,
       0.0095096964549212602 ]
R: !!opencv-matrix
   rows: 3
   cols: 3
   dt: d
   data: [ -0.92541431263272644, 0.065530869877621314,
       -0.3732479516963616, 0.37895689845536679, 0.1598800536073218,
       -0.91149879135470702, -5.6405613323392324e-05,
       -0.98495892152597464, -0.17278866593310083 ]
T: !!opencv-matrix
   rows: 3
   cols: 1
   dt: d
   data: [ -10.837791769091169, -35.192705502143554, 1259.4101347225903 ]
