%YAML:1.0
---
intrinsicMatrix: !!opencv-matrix
   rows: 3
   cols: 3
   dt: d
   data: [ 3184.2871529896211, 0., 0., 0., 3190.0225731299042, 0.,
       1516.7782711357345, 1081.0347085767103, 1. ]
distortionCoefficients: !!opencv-matrix
   rows: 1
   cols: 5
   dt: d
   data: [ 0.016447144212482105, -0.083790474751197302,
       -0.0053309795652167384, -0.011821309256813531,
       0.14521338738636427 ]
R: !!opencv-matrix
   rows: 3
   cols: 3
   dt: d
   data: [ 0.53452667295786604, -0.18947437281796378,
       0.82363868068454771, -0.84515047741510174, -0.12142822670996471,
       0.52055342218890632, 0.001381451146567034, -0.97434832062983934,
       -0.22504098521977353 ]
T: !!opencv-matrix
   rows: 3
   cols: 1
   dt: d
   data: [ 212.10249677560276, -14.433592719749186, 950.35127917341129 ]
