%YAML:1.0
---
intrinsicMatrix: !!opencv-matrix
   rows: 3
   cols: 3
   dt: d
   data: [ 2713.8224957777024, 0., 0., 0., 2712.8537694273314, 0.,
       1597.4941297018374, 1185.8472346771416, 1. ]
distortionCoefficients: !!opencv-matrix
   rows: 1
   cols: 5
   dt: d
   data: [ 0.02537289901489807, -0.065879889560397503,
       0.00069839987399494634, -0.00012851432841687845,
       0.072986765121153291 ]
R: !!opencv-matrix
   rows: 3
   cols: 3
   dt: d
   data: [ -0.034884348511695862, 0.99908125400543213,
       0.024893945083022798, 0.99910533428192139, 0.035459447652101531,
       -0.023047074675559973, -0.023908626288175583,
       0.024067690595985139, -0.99942439794540405 ]
T: !!opencv-matrix
   rows: 3
   cols: 1
   dt: d
   data: [ -182.74516976921393, -38.189371931653483, 1292.9971689674996 ]
