%YAML:1.0
---
intrinsicMatrix: !!opencv-matrix
   rows: 3
   cols: 3
   dt: d
   data: [ 3918.9789544735363, 0., 0., 0., 3931.1550872560151, 0.,
       1574.5952959236483, 1138.9302060898367, 1. ]
distortionCoefficients: !!opencv-matrix
   rows: 1
   cols: 5
   dt: d
   data: [ 0.034730603001946816, 0.025366558522141043,
       0.0011518176777961246, 0.0029843286880880302,
       -0.40014120058922414 ]
R: !!opencv-matrix
   rows: 3
   cols: 3
   dt: d
   data: [ -0.9981224071041862, -0.051044550908853459,
       0.033853989971745525, -0.061241998714202869, 0.84096442491545975,
       -0.53761348819535959, -0.0010277614070055016,
       -0.53867735944909634, -0.84251151296203886 ]
T: !!opencv-matrix
   rows: 3
   cols: 1
   dt: d
   data: [ 54.87023412552152, -282.31295497377454, 1659.7754435366351 ]
