%YAML:1.0
---
intrinsicMatrix: !!opencv-matrix
   rows: 3
   cols: 3
   dt: d
   data: [ 3906.3040297909833, 0., 0., 0., 3913.8681701211171, 0.,
       1644.6919075149381, 1183.9789430471619, 1. ]
distortionCoefficients: !!opencv-matrix
   rows: 1
   cols: 5
   dt: d
   data: [ 0.017514057948463418, 0.16082529028643305,
       -0.0010122320692944574, 0.0011883287461941414,
       -0.77717839660648458 ]
R: !!opencv-matrix
   rows: 3
   cols: 3
   dt: d
   data: [ 0.68284881376216977, 0.59444808051867581,
       -0.42467511757719956, 0.73053686817007868, -0.56020569691802424,
       0.39049388017525533, -0.0057770834503219981, -0.57688911808546617,
       -0.8168020409447605 ]
T: !!opencv-matrix
   rows: 3
   cols: 1
   dt: d
   data: [ -197.58014074534429, 3.8120486481302578, 1336.5635186338025 ]
