%YAML:1.0
---
intrinsicMatrix: !!opencv-matrix
   rows: 3
   cols: 3
   dt: d
   data: [ 3062.3351635206354, 0., 0., 0., 3084.7966562622196, 0.,
       1747.2216587909622, 1200.2275959277849, 1. ]
distortionCoefficients: !!opencv-matrix
   rows: 1
   cols: 5
   dt: d
   data: [ -0.11597564900826, 1.1934358903998663, 0.001627311220067466,
       0.017182682253485369, -3.081381420420028 ]
R: !!opencv-matrix
   rows: 3
   cols: 3
   dt: d
   data: [ 0.90080508392013403, 0.10733429854152643,
       -0.42074877007329209, 0.43380695297425947, -0.180013192771799,
       0.88284018205379344, 0.019018701572949753, -0.97779067399226816,
       -0.20871916585299627 ]
T: !!opencv-matrix
   rows: 3
   cols: 1
   dt: d
   data: [ -169.60715050313672, 10.419861127718832, 851.92475259623768 ]
