%YAML:1.0
---
intrinsicMatrix: !!opencv-matrix
   rows: 3
   cols: 3
   dt: d
   data: [ 3868.6465612186944, 0., 0., 0., 3875.4006594748848, 0.,
       1556.5769728919172, 1133.1313837032153, 1. ]
distortionCoefficients: !!opencv-matrix
   rows: 1
   cols: 5
   dt: d
   data: [ 0.03367956326539312, -0.031206639070696499,
       -0.0024986568743755769, -0.0015428458871539926,
       -0.049074539009002681 ]
R: !!opencv-matrix
   rows: 3
   cols: 3
   dt: d
   data: [ 0.69904560865119947, -0.56871033022337414,
       0.43347869117252291, -0.71485113325849647, -0.57102249135899097,
       0.40363495972313546, 0.017974710811430369, -0.59203198383785149,
       -0.80571399592808923 ]
T: !!opencv-matrix
   rows: 3
   cols: 1
   dt: d
   data: [ 150.66486432346267, 45.007799955161204, 1324.9825323055368 ]
