%YAML:1.0
---
intrinsicMatrix: !!opencv-matrix
   rows: 3
   cols: 3
   dt: d
   data: [ 3882.9578636386873, 0., 0., 0., 3893.3160996569691, 0.,
       1527.8135624843833, 1141.7259921463233, 1. ]
distortionCoefficients: !!opencv-matrix
   rows: 1
   cols: 5
   dt: d
   data: [ 0.0057242654877315705, 0.32107174936371019,
       0.0019220755824697346, -0.00093806590520125897,
       -1.3613156584827493 ]
R: !!opencv-matrix
   rows: 3
   cols: 3
   dt: d
   data: [ -0.60840579436023801, -0.64677628120216968,
       0.45991609000026112, -0.79337470594172177, 0.48108626278946343,
       -0.37297800578135515, 0.019974015461903551, -0.59180777693642239,
       -0.80583161840054573 ]
T: !!opencv-matrix
   rows: 3
   cols: 1
   dt: d
   data: [ 209.23113729429269, -205.13055773387191, 1499.9529941177589 ]
