%YAML:1.0
---
intrinsicMatrix: !!opencv-matrix
   rows: 3
   cols: 3
   dt: d
   data: [ 3896.1996398556853, 0., 0., 0., 3903.1440209521306, 0.,
       1701.6183450285148, 1085.7718693380039, 1. ]
distortionCoefficients: !!opencv-matrix
   rows: 1
   cols: 5
   dt: d
   data: [ 0.024576802969244273, 0.071535321237856692,
       -0.0014287179542666569, 0.0054045671945204699,
       -0.31737143075386176 ]
R: !!opencv-matrix
   rows: 3
   cols: 3
   dt: d
   data: [ 0.99957544101186147, 0.025820792754386184,
       0.013498250457980955, 0.014566231706043398, -0.84409186537689163,
       0.53600070593976634, 0.025233726025504891, -0.53557652739161421,
       -0.84410961712810373 ]
T: !!opencv-matrix
   rows: 3
   cols: 1
   dt: d
   data: [ -59.315495722491072, 113.38877297016893, 1417.1547950204135 ]
