%YAML:1.0
---
intrinsicMatrix: !!opencv-matrix
   rows: 3
   cols: 3
   dt: d
   data: [ 3145.8956000750732, 0., 0., 0., 3183.7612618538838, 0.,
       1531.7356640588469, 1113.3675448560143, 1. ]
distortionCoefficients: !!opencv-matrix
   rows: 1
   cols: 5
   dt: d
   data: [ 0.047086691060597083, -0.22734865231631085,
       0.001909565274874277, -0.0065148547803341632, 0.41238818327891841 ]
R: !!opencv-matrix
   rows: 3
   cols: 3
   dt: d
   data: [ 0.46350762587223637, 0.16324831950028171,
       -0.87092516631256289, 0.88582012235770335, -0.10975529043992573,
       0.45086194795759094, -0.021986190036877871, -0.98046099636110928,
       -0.19548106151847039 ]
T: !!opencv-matrix
   rows: 3
   cols: 1
   dt: d
   data: [ -198.4160275367307, 8.2871125417025269, 984.37994084962781 ]
