%YAML:1.0
---
intrinsicMatrix: !!opencv-matrix
   rows: 3
   cols: 3
   dt: d
   data: [ 2963.1213983297039, 0., 0., 0., 2874.5095706186071, 0.,
       1833.4392124903804, 1409.9715648899803, 1. ]
distortionCoefficients: !!opencv-matrix
   rows: 1
   cols: 5
   dt: d
   data: [ 0.043199165620027485, -0.42068826736229431,
       -0.017247309968568488, 0.0239802858875173, 0.6061312627880352 ]
R: !!opencv-matrix
   rows: 3
   cols: 3
   dt: d
   data: [ -0.53809776193664727, -0.28102271728744799,
       0.79465527705106143, -0.84262580068794612, 0.15608778203632803,
       -0.51538177439977473, 0.020798007822390281, -0.9469228258183563,
       -0.32078748130957951 ]
T: !!opencv-matrix
   rows: 3
   cols: 1
   dt: d
   data: [ 111.80895897158857, -203.66591271424363, 1150.5669809770357 ]
