%YAML:1.0
---
intrinsicMatrix: !!opencv-matrix
   rows: 3
   cols: 3
   dt: d
   data: [ 3031.4921372223321, 0., 0., 0., 3032.4989402179872, 0.,
       1809.4161440933995, 1020.4894504141362, 1. ]
distortionCoefficients: !!opencv-matrix
   rows: 1
   cols: 5
   dt: d
   data: [ 0.073547965474454732, -0.23094792872896627,
       -0.0038140242282922324, 0.027940405866732219, 0.22942269065996118 ]
R: !!opencv-matrix
   rows: 3
   cols: 3
   dt: d
   data: [ -0.90323452898368706, -0.073969001777998089,
       0.42272443838218321, -0.42903114737347581, 0.13272962372628525,
       -0.89348482395525919, 0.0099821257526139951, -0.98838830278827516,
       -0.15162098610323327 ]
T: !!opencv-matrix
   rows: 3
   cols: 1
   dt: d
   data: [ 38.27979455622129, -3.6285070121218723, 1245.1044850122121 ]
