%YAML:1.0
---
intrinsicMatrix: !!opencv-matrix
   rows: 3
   cols: 3
   dt: d
   data: [ 3104.1041503558445, 0., 0., 0., 3125.7298600847544, 0.,
       1466.4992776535194, 1069.6108838801183, 1. ]
distortionCoefficients: !!opencv-matrix
   rows: 1
   cols: 5
   dt: d
   data: [ 0.095820227928458804, -0.57276276798809223,
       -0.0053314784514340166, -0.012786933328947037, 1.1072041789913434 ]
R: !!opencv-matrix
   rows: 3
   cols: 3
   dt: d
   data: [ -0.56164411613373544, 0.11194545705776431,
       -0.81977074834031016, 0.82731258712727884, 0.088531740319613708,
       -0.55472157268870681, 0.010477171249942735, -0.98976277403242297,
       -0.14233721710215932 ]
T: !!opencv-matrix
   rows: 3
   cols: 1
   dt: d
   data: [ -126.08505505635171, 22.748111140559104, 1212.6981461383612 ]
