%YAML:1.0
---
intrinsicMatrix: !!opencv-matrix
   rows: 3
   cols: 3
   dt: d
   data: [ 3045.0280759517968, 0., 0., 0., 3063.0827391304047, 0.,
       1564.6277873155734, 1050.6012918747558, 1. ]
distortionCoefficients: !!opencv-matrix
   rows: 1
   cols: 5
   dt: d
   data: [ 0.11257658515419977, -0.83881179091608149,
       0.00032946522707221978, -0.015889859199736379, 2.3438006596991552 ]
R: !!opencv-matrix
   rows: 3
   cols: 3
   dt: d
   data: [ 0.9086688986465804, -0.10535277554990431, 0.40400693520568487,
       -0.41737864777049793, -0.20426081306052254, 0.8854787370132654,
       -0.010764858179981244, -0.97323086464119368, -0.22957744943322256 ]
T: !!opencv-matrix
   rows: 3
   cols: 1
   dt: d
   data: [ 105.87714907377978, -4.9363703970693678, 836.70022402775317 ]
