%YAML:1.0
---
intrinsicMatrix: !!opencv-matrix
   rows: 3
   cols: 3
   dt: d
   data: [ 2582.377188631167, 0., 0., 0., 2590.9831683317393, 0.,
       1663.6532172942655, 999.19322761851822, 1. ]
distortionCoefficients: !!opencv-matrix
   rows: 1
   cols: 5
   dt: d
   data: [ 0.044156524002372306, -0.18359547463605125,
       -0.008148583844810587, 0.013861532122021691, 0.28140776509905269 ]
R: !!opencv-matrix
   rows: 3
   cols: 3
   dt: d
   data: [ -0.9999348049579071, -0.010906376948747689,
       -0.0033786319114485013, 0.0015396393463852334,
       0.16440975627422363, -0.98639093194433636, 0.011313432184702847,
       -0.98633183390688928, -0.16438224668199411 ]
T: !!opencv-matrix
   rows: 3
   cols: 1
   dt: d
   data: [ -20.358591419269178, -7.3197691690604643, 1139.6068887565762 ]
