%YAML:1.0
---
intrinsicMatrix: !!opencv-matrix
   rows: 3
   cols: 3
   dt: d
   data: [ 3940.2490923987407, 0., 0., 0., 3956.2123583518996, 0.,
       1562.7370472326049, 1192.7970778412325, 1. ]
distortionCoefficients: !!opencv-matrix
   rows: 1
   cols: 5
   dt: d
   data: [ 0.010553876299834092, 0.15574916427129223,
       -0.0018386833420838307, 0.00069083209062715612,
       -0.54248367556404209 ]
R: !!opencv-matrix
   rows: 3
   cols: 3
   dt: d
   data: [ -0.69522576647763201, 0.5862223831898663,
       -0.41593801154827376, 0.71869633005968225, 0.55751494285714587,
       -0.41551496088494905, -0.011692513695488252, -0.58780983486881166,
       -0.80891463486892523 ]
T: !!opencv-matrix
   rows: 3
   cols: 1
   dt: d
   data: [ -138.69139974649062, -238.2467174464266, 1528.5608987857399 ]
