%YAML:1.0
---
intrinsicMatrix: !!opencv-matrix
   rows: 3
   cols: 3
   dt: d
   data: [ 3083.5776142715572, 0., 0., 0., 3074.6748345532528, 0.,
       1560.656609471708, 1181.1188400561343, 1. ]
distortionCoefficients: !!opencv-matrix
   rows: 1
   cols: 5
   dt: d
   data: [ -0.055842225779836517, 0.39609432245715642,
       -0.0045503328573674581, -0.0038335097853458098,
       -0.7746787895465066 ]
R: !!opencv-matrix
   rows: 3
   cols: 3
   dt: d
   data: [ 0.83840922183040889, 0.12493859784458594,
       -0.53052831495847375, 0.54371176144634048, -0.12377339998434836,
       0.83009495578843839, 0.038045607484383952, -0.98441376880029496,
       -0.17170334832382 ]
T: !!opencv-matrix
   rows: 3
   cols: 1
   dt: d
   data: [ -199.99914782717175, -20.294944251430934, 1191.827330898868 ]
