%YAML:1.0
---
intrinsicMatrix: !!opencv-matrix
   rows: 3
   cols: 3
   dt: d
   data: [ 3027.4554054200034, 0., 0., 0., 3046.8004334124935, 0.,
       1548.0717515416929, 1184.5218705339439, 1. ]
distortionCoefficients: !!opencv-matrix
   rows: 1
   cols: 5
   dt: d
   data: [ 0.057556247668402089, -0.28332247197948651,
       0.0070344861576618449, -0.0012495511401001357,
       0.55506807540356573 ]
R: !!opencv-matrix
   rows: 3
   cols: 3
   dt: d
   data: [ 0.49572798092708903, -0.16402263914261697,
       0.85284835242202595, -0.86847759757626886, -0.092909411162774014,
       0.48694401477964255, -0.00063220414161961527,
       -0.98207147975535303, -0.18850778564060089 ]
T: !!opencv-matrix
   rows: 3
   cols: 1
   dt: d
   data: [ -110.0962411652844, 17.65114836666271, 818.76849865839881 ]
