%YAML:1.0
---
intrinsicMatrix: !!opencv-matrix
   rows: 3
   cols: 3
   dt: d
   data: [ 2998.9761874029195, 0., 0., 0., 3004.4981089351359, 0.,
       1551.9842220167188, 1145.9887577386548, 1. ]
distortionCoefficients: !!opencv-matrix
   rows: 1
   cols: 5
   dt: d
   data: [ 0.045184897811534945, -0.23416746920770065,
       -0.0015593504443376894, -0.0041013077530266083,
       0.47149161898525943 ]
R: !!opencv-matrix
   rows: 3
   cols: 3
   dt: d
   data: [ 0.40149165957348315, 0.20383082819384901, -0.8928927204457775,
       0.91545819257363725, -0.06034389975920141, 0.39786289235845845,
       0.027216094718728226, -0.97714460704642381, -0.21082617813359661 ]
T: !!opencv-matrix
   rows: 3
   cols: 1
   dt: d
   data: [ -88.099347623274411, -75.944207446108749, 1267.0949769708925 ]
