%YAML:1.0
---
intrinsicMatrix: !!opencv-matrix
   rows: 3
   cols: 3
   dt: d
   data: [ 2565.6327864900131, 0., 0., 0., 2559.5216494122878, 0.,
       1449.3458039013187, 1131.5582984706857, 1. ]
distortionCoefficients: !!opencv-matrix
   rows: 1
   cols: 5
   dt: d
   data: [ -0.0077814289712873994, 0.060850729819249827,
       -0.0013420027020351372, -0.016567650319321916,
       -0.096311219513327578 ]
R: !!opencv-matrix
   rows: 3
   cols: 3
   dt: d
   data: [ -0.090234451738191057, 0.23236789849014858,
       -0.96843320519543363, 0.99580421028141353, 0.035912837622137386,
       -0.084167764517738719, 0.015221298224827881, -0.97196471317340571,
       -0.23463351146875244 ]
T: !!opencv-matrix
   rows: 3
   cols: 1
   dt: d
   data: [ 52.57949917024682, -72.998738595470968, 1159.1813513008244 ]
