%YAML:1.0
---
intrinsicMatrix: !!opencv-matrix
   rows: 3
   cols: 3
   dt: d
   data: [ 3912.897925636757, 0., 0., 0., 3922.1259942270435, 0.,
       1613.073881224519, 1197.1120844483228, 1. ]
distortionCoefficients: !!opencv-matrix
   rows: 1
   cols: 5
   dt: d
   data: [ 0.037797219863000192, -0.058434119913346877,
       0.0053789988125316004, 0.00055049941653135853,
       0.03349701202507762 ]
R: !!opencv-matrix
   rows: 3
   cols: 3
   dt: d
   data: [ 0.74017243071984051, -0.546310608363758, 0.39203247498877547,
       -0.67233001805499859, -0.59189900761606007, 0.44455357529713563,
       -0.010820701341002627, -0.59262151258424733, -0.80540836320646392 ]
T: !!opencv-matrix
   rows: 3
   cols: 1
   dt: d
   data: [ -191.17402782197689, 29.719822493552897, 1316.7519363982342 ]
