%YAML:1.0
---
intrinsicMatrix: !!opencv-matrix
   rows: 3
   cols: 3
   dt: d
   data: [ 3027.3893092447674, 0., 0., 0., 3036.0284461201513, 0.,
       1650.6567335086727, 1068.4676908528475, 1. ]
distortionCoefficients: !!opencv-matrix
   rows: 1
   cols: 5
   dt: d
   data: [ 0.09007831375929036, -0.53998937096346589,
       -0.0031784406960953704, -0.0051574869589551021,
       1.0827989454002358 ]
R: !!opencv-matrix
   rows: 3
   cols: 3
   dt: d
   data: [ -0.43315632289449285, -0.19540861132903331,
       0.87988126699532676, -0.90083252356155807, 0.12592178985330857,
       -0.41550503852303811, -0.029602962151519998, -0.97260431490294608,
       -0.23057425602632659 ]
T: !!opencv-matrix
   rows: 3
   cols: 1
   dt: d
   data: [ 117.46093818626785, -6.4519665318316584, 821.88599848839999 ]
