%YAML:1.0
---
intrinsicMatrix: !!opencv-matrix
   rows: 3
   cols: 3
   dt: d
   data: [ 3917.3878492054514, 0., 0., 0., 3916.5527437970832, 0.,
       1599.4796653317617, 1087.3643193961079, 1. ]
distortionCoefficients: !!opencv-matrix
   rows: 1
   cols: 5
   dt: d
   data: [ 0.02639417479643719, -0.034187132140829996,
       -0.0028943410119288537, 0.0023292898604491213,
       -0.041799023825464632 ]
R: !!opencv-matrix
   rows: 3
   cols: 3
   dt: d
   data: [ -0.067706267438534126, 0.84517089515933763,
       -0.5301905212085809, 0.99748779102945695, 0.068437829476853104,
       -0.018284965076510382, 0.020831168629317422, -0.53009658818131711,
       -0.84768133510779375 ]
T: !!opencv-matrix
   rows: 3
   cols: 1
   dt: d
   data: [ 22.003118041958025, -286.27243276811384, 1674.7957239400796 ]
