%YAML:1.0
---
intrinsicMatrix: !!opencv-matrix
   rows: 3
   cols: 3
   dt: d
   data: [ 3936.3657679588568, 0., 0., 0., 3933.7265914362542, 0.,
       1486.8177300098716, 1125.2794651933173, 1. ]
distortionCoefficients: !!opencv-matrix
   rows: 1
   cols: 5
   dt: d
   data: [ 0.012703306446692455, -0.030967499874457873,
       -0.0060506364437722376, -0.0079376860853263842,
       0.21339605394812333 ]
R: !!opencv-matrix
   rows: 3
   cols: 3
   dt: d
   data: [ 0.70365322100551475, 0.56845910305821323,
       -0.42629375103693073, 0.71054206099912731, -0.56416767749792351,
       0.42052916774213023, -0.0014475217425288132, -0.59880635487788836,
       -0.80089252107678532 ]
T: !!opencv-matrix
   rows: 3
   cols: 1
   dt: d
   data: [ -146.36038552189606, -214.34456152609334, 1530.0341745718608 ]
