%YAML:1.0
---
intrinsicMatrix: !!opencv-matrix
   rows: 3
   cols: 3
   dt: d
   data: [ 3899.781296030998, 0., 0., 0., 3905.9387913734577, 0.,
       1642.8082070251144, 1062.7418313507899, 1. ]
distortionCoefficients: !!opencv-matrix
   rows: 1
   cols: 5
   dt: d
   data: [ 0.031628304557456112, -0.012400543365098686,
       -0.0022091579020912877, 0.0022884728292999301,
       -0.18039042982786097 ]
R: !!opencv-matrix
   rows: 3
   cols: 3
   dt: d
   data: [ 0.032028803019991794, -0.83212319028253179,
       0.55366517086182054, -0.99947726915873192, -0.024229616862492837,
       0.021402892465232384, -0.0043947483536934326,
       -0.55406127252234727, -0.83246427476252272 ]
T: !!opencv-matrix
   rows: 3
   cols: 1
   dt: d
   data: [ -14.111847784154936, 146.62422161133679, 1401.8713218185223 ]
