%YAML:1.0
---
intrinsicMatrix: !!opencv-matrix
   rows: 3
   cols: 3
   dt: d
   data: [ 2723.8878062510544, 0., 0., 0., 2723.6997635254311, 0.,
       1594.5892237784406, 1175.0938136328175, 1. ]
distortionCoefficients: !!opencv-matrix
   rows: 1
   cols: 5
   dt: d
   data: [ 0.016510153764865424, -0.028790608086045361,
       0.0022053486901178129, 6.3897659209378749e-05,
       0.041509906839391368 ]
R: !!opencv-matrix
   rows: 3
   cols: 3
   dt: d
   data: [ 0.99899053573608398, 0.044635973870754235,
       -0.0050506237894297184, 0.044617656618356705,
       -0.99899733066558838, -0.003683442017062292,
       -0.0052099735476076603, 0.0034543767105775914,
       -0.99998044967651367 ]
T: !!opencv-matrix
   rows: 3
   cols: 1
   dt: d
   data: [ -210.85967781677925, -10.115512527638781, 1296.6384197624425 ]
