%YAML:1.0
---
intrinsicMatrix: !!opencv-matrix
   rows: 3
   cols: 3
   dt: d
   data: [ 3900.1498997176, 0., 0., 0., 3902.7461711234396, 0.,
       1461.9146698786835, 1152.6156907600566, 1. ]
distortionCoefficients: !!opencv-matrix
   rows: 1
   cols: 5
   dt: d
   data: [ 0.044375879756615194, -0.20235744710418832,
       0.0012099974847486629, -0.0089534750441787186,
       0.66034153070511892 ]
R: !!opencv-matrix
   rows: 3
   cols: 3
   dt: d
   data: [ -0.69759398894017599, -0.56948325007503631,
       0.43480044150486852, -0.71601467011818709, 0.57626811758608754,
       -0.3940025615824197, -0.0261837733628618, -0.58617732425405855,
       -0.80975955123783627 ]
T: !!opencv-matrix
   rows: 3
   cols: 1
   dt: d
   data: [ 219.98675148471597, 40.724043295784668, 1327.8461463100577 ]
