%YAML:1.0
---
intrinsicMatrix: !!opencv-matrix
   rows: 3
   cols: 3
   dt: d
   data: [ 3006.3629061012143, 0., 0., 0., 3014.7479729964793, 0.,
       1581.6907704741759, 1311.0322707428359, 1. ]
distortionCoefficients: !!opencv-matrix
   rows: 1
   cols: 5
   dt: d
   data: [ -0.11232107598985666, 0.58862302826036816,
       0.0061214115619522861, 0.00092075972500406747,
       -0.75754119358097072 ]
R: !!opencv-matrix
   rows: 3
   cols: 3
   dt: d
   data: [ -0.88810622512076209, 0.14562391595104857,
       -0.43595983468566607, 0.45963054306732121, 0.27588277693069779,
       -0.84417322095457648, -0.0026580005883423664, -0.950095965756804,
       -0.31194641713535748 ]
T: !!opencv-matrix
   rows: 3
   cols: 1
   dt: d
   data: [ 222.42222633812816, -169.40842091606555, 1173.3399852888863 ]
