%YAML:1.0
---
intrinsicMatrix: !!opencv-matrix
   rows: 3
   cols: 3
   dt: d
   data: [ 3163.6724703718228, 0., 0., 0., 3179.6231052735502, 0.,
       1623.9626680204412, 1174.4104731402492, 1. ]
distortionCoefficients: !!opencv-matrix
   rows: 1
   cols: 5
   dt: d
   data: [ 0.18012846812973257, -0.77310232947839697,
       0.014717099477108669, 0.00036762668348722349, 1.2451462560580178 ]
R: !!opencv-matrix
   rows: 3
   cols: 3
   dt: d
   data: [ -0.85806634435525442, -0.11867415144765982,
       0.49963843318674872, -0.51318430735981302, 0.23429974010540247,
       -0.82567879237046382, -0.019078425600565527, -0.9648938041653552,
       -0.2619464384907364 ]
T: !!opencv-matrix
   rows: 3
   cols: 1
   dt: d
   data: [ 216.71184286138117, -46.271763143476392, 967.10413557056745 ]
