%YAML:1.0
---
intrinsicMatrix: !!opencv-matrix
   rows: 3
   cols: 3
   dt: d
   data: [ 3898.114805666657, 0., 0., 0., 3897.6845682140383, 0.,
       1617.9354115110134, 1167.8746226952499, 1. ]
distortionCoefficients: !!opencv-matrix
   rows: 1
   cols: 5
   dt: d
   data: [ 0.039449411737857765, -0.14718509879604189,
       0.0040214376387177385, 0.0055021028453638363, 0.36437749291335125 ]
R: !!opencv-matrix
   rows: 3
   cols: 3
   dt: d
   data: [ -0.79096929481518485, 0.48916359082752742,
       -0.36754118887902854, 0.61083581756561012, 0.66597721716522629,
       -0.42819845854462313, 0.035314963100894832, -0.56319916567007389,
       -0.82556618719990171 ]
T: !!opencv-matrix
   rows: 3
   cols: 1
   dt: d
   data: [ 181.69017271972041, -245.64755390246353, 1528.45479224975 ]
