%YAML:1.0
---
intrinsicMatrix: !!opencv-matrix
   rows: 3
   cols: 3
   dt: d
   data: [ 3012.2763033444139, 0., 0., 0., 3021.0106322856204, 0.,
       1501.5946098332272, 1110.7771173501396, 1. ]
distortionCoefficients: !!opencv-matrix
   rows: 1
   cols: 5
   dt: d
   data: [ -0.012714420253982799, 0.23546999426861617,
       0.0031999865296971353, -0.0088104625982699542,
       -0.59619864179521087 ]
R: !!opencv-matrix
   rows: 3
   cols: 3
   dt: d
   data: [ -0.52666541640583742, 0.17331480597478904,
       -0.83221721121730485, 0.85006298869003505, 0.1120436450063394,
       -0.51462520981509996, 0.0040524814046107105, -0.97847236833451967,
       -0.20633801898430812 ]
T: !!opencv-matrix
   rows: 3
   cols: 1
   dt: d
   data: [ 158.63520822379533, -47.459768990106568, 1267.8270022240372 ]
