%YAML:1.0
---
intrinsicMatrix: !!opencv-matrix
   rows: 3
   cols: 3
   dt: d
   data: [ 3131.5266779642375, 0., 0., 0., 3144.3496769834874, 0.,
       1555.6484267343396, 1133.4091829865376, 1. ]
distortionCoefficients: !!opencv-matrix
   rows: 1
   cols: 5
   dt: d
   data: [ 0.067550850734167098, -0.37289183288497568,
       0.0055925352442791751, -0.002861684066060269, 0.8108209393119028 ]
R: !!opencv-matrix
   rows: 3
   cols: 3
   dt: d
   data: [ 0.8867564956457995, -0.095637375181212333,
       0.45223487188932077, -0.46201338128741398, -0.15296527504545926,
       0.87358183923763832, -0.014370842628292269, -0.98359295101151234,
       -0.17982870149307476 ]
T: !!opencv-matrix
   rows: 3
   cols: 1
   dt: d
   data: [ -219.41070376714907, 8.967952358839284, 943.24578788900851 ]
