%YAML:1.0
---
image_width: 3208
image_height: 2200
intrinsicMatrix: !!opencv-matrix
   rows: 3
   cols: 3
   dt: d
   data: [ 3061.1615339696846, 0., 0., 0., 3084.2651625287635, 0.,
       1758.827644350295, 1192.0996611857909, 1. ]
distortionCoefficients: !!opencv-matrix
   rows: 1
   cols: 5
   dt: d
   data: [ 0.040750397238537406, -0.18667287281123596,
       0.0040533847727023163, 0.017345297310917079, 0.37713181110001309 ]
R: !!opencv-matrix
   rows: 3
   cols: 3
   dt: d
   data: [ 0.54419565046236862, 0.21422798599187651,
       -0.81114575692298208, 0.83884418622898271, -0.12299182068542552,
       0.53029565163051406, 0.013839875711334429, -0.96900947497204204,
       -0.24663551033233833 ]
T: !!opencv-matrix
   rows: 3
   cols: 1
   dt: d
   data: [ 136.95744153233281, -114.17246575917852, 1174.6119006398831 ]
