%YAML:1.0
---
image_width: 3208
image_height: 2200
intrinsicMatrix: !!opencv-matrix
   rows: 3
   cols: 3
   dt: d
   data: [ 3930.5088856591792, 0., 0., 0., 3934.2126434400475, 0.,
       1536.4282076394052, 1130.169904474262, 1. ]
distortionCoefficients: !!opencv-matrix
   rows: 1
   cols: 5
   dt: d
   data: [ 0.018366442094900792, 0.035973167836525023,
       -0.0010800361553352446, -0.0023629675094124203,
       -0.22294363688345492 ]
R: !!opencv-matrix
   rows: 3
   cols: 3
   dt: d
   data: [ 0.63341668471285284, 0.63066661607799157,
       -0.44837807465415475, 0.77352790652918579, -0.50038500256482532,
       0.38893375000465891, 0.020925867574459737, -0.59319007131657842,
       -0.80479042430925973 ]
T: !!opencv-matrix
   rows: 3
   cols: 1
   dt: d
   data: [ 201.96549350617857, -202.95390727584891, 1517.166488845879 ]
