%YAML:1.0
---
image_width: 3208
image_height: 2200
intrinsicMatrix: !!opencv-matrix
   rows: 3
   cols: 3
   dt: d
   data: [ 3211.951916139029, 0., 0., 0., 3213.4487348053581, 0.,
       1536.0530104691552, 1034.605656102638, 1. ]
distortionCoefficients: !!opencv-matrix
   rows: 1
   cols: 5
   dt: d
   data: [ -0.01317514297965851, 0.037613036458638678,
       -0.010169265260513321, -0.007404368791355722,
       -0.0059473250914348274 ]
R: !!opencv-matrix
   rows: 3
   cols: 3
   dt: d
   data: [ -0.50283660398964503, 0.18174515166018013,
       -0.84505859233229053, 0.86437849492463592, 0.10830219117884175,
       -0.49104020992337727, 0.002277520116171541, -0.97736345107658629,
       -0.21155490328511947 ]
T: !!opencv-matrix
   rows: 3
   cols: 1
   dt: d
   data: [ 207.23509075395717, -1.4454682791188134, 962.58107195899379 ]
