%YAML:1.0
---
image_width: 3208
image_height: 2200
intrinsicMatrix: !!opencv-matrix
   rows: 3
   cols: 3
   dt: d
   data: [ 3086.4726311169975, 0., 0., 0., 3098.5534983283378, 0.,
       1740.3813829442581, 1162.1536794431279, 1. ]
distortionCoefficients: !!opencv-matrix
   rows: 1
   cols: 5
   dt: d
   data: [ -0.037318982693989054, 0.45497041002555488,
       0.0033119586053901927, 0.017116202772816842, -0.97335874752130047 ]
R: !!opencv-matrix
   rows: 3
   cols: 3
   dt: d
   data: [ 0.4590245700218098, -0.14136882016916749, 0.87710391387721198,
       -0.8881189201136902, -0.098869365288893535, 0.44885372584771593,
       0.023264784916260283, -0.98500745447551918, -0.17093578944343013 ]
T: !!opencv-matrix
   rows: 3
   cols: 1
   dt: d
   data: [ -233.86547069931541, -13.057306389332552, 1181.555212919917 ]
