%YAML:1.0
---
image_width: 3208
image_height: 2200
intrinsicMatrix: !!opencv-matrix
   rows: 3
   cols: 3
   dt: d
   data: [ 3125.5820303987716, 0., 0., 0., 3160.0103896226728, 0.,
       1500.7511815128364, 1052.4447556116263, 1. ]
distortionCoefficients: !!opencv-matrix
   rows: 1
   cols: 5
   dt: d
   data: [ 0.053266809193300339, -0.07971921684178436,
       0.0035343028221061184, -0.0090461970889496989,
       0.028318819146206431 ]
R: !!opencv-matrix
   rows: 3
   cols: 3
   dt: d
   data: [ -0.48218707920566656, -0.14429914375302968,
       0.8641026285677551, -0.8757737695234622, 0.10496898612934118,
       -0.47117072429168927, -0.022714444418851853, -0.98395083674892592,
       -0.176988091627717 ]
T: !!opencv-matrix
   rows: 3
   cols: 1
   dt: d
   data: [ -185.11182172887092, 27.146806157481706, 973.83426241045402 ]
