%YAML:1.0
---
image_width: 3208
image_height: 2200
intrinsicMatrix: !!opencv-matrix
   rows: 3
   cols: 3
   dt: d
   data: [ 3919.145443822058, 0., 0., 0., 3930.2767960324691, 0.,
       1634.2393959725434, 1092.437253803462, 1. ]
distortionCoefficients: !!opencv-matrix
   rows: 1
   cols: 5
   dt: d
   data: [ 0.020533351774805159, 0.037072339434967114,
       0.0021063449816765903, 0.0035425727207822376,
       -0.11553082393733581 ]
R: !!opencv-matrix
   rows: 3
   cols: 3
   dt: d
   data: [ -0.99989553557698185, -0.00026714801375877107,
       -0.014450657549492209, 0.0075096071495923695, 0.84467085118079654,
       -0.53523340126516705, 0.012349035920755634, -0.53528599895291817,
       -0.8445805943419461 ]
T: !!opencv-matrix
   rows: 3
   cols: 1
   dt: d
   data: [ -30.2429863517768, 109.73424900678594, 1424.2844835140822 ]
