%YAML:1.0
---
image_width: 3208
image_height: 2200
intrinsicMatrix: !!opencv-matrix
   rows: 3
   cols: 3
   dt: d
   data: [ 2730.3741744400181, 0., 0., 0., 2730.0834572153353, 0.,
       1606.541891265108, 1159.2807934487525, 1. ]
distortionCoefficients: !!opencv-matrix
   rows: 1
   cols: 5
   dt: d
   data: [ 0.020100879605288231, -0.033132063131138617,
       0.0013701999321216452, 0.0012374765478831511,
       0.0028659703856291582 ]
R: !!opencv-matrix
   rows: 3
   cols: 3
   dt: d
   data: [ 0.0038253790698945522, -0.99986159801483154,
       -0.016190312802792348, -0.99983537197113037,
       -0.0041114608757197987, 0.017673701047897335,
       -0.017737820744514465, 0.016120038926602163, -0.99971270561218262 ]
T: !!opencv-matrix
   rows: 3
   cols: 1
   dt: d
   data: [ -186.0112188476844, -21.072727495824832, 1297.9287923722138 ]
