%YAML:1.0
---
intrinsicMatrix: !!opencv-matrix
   rows: 3
   cols: 3
   dt: d
   data: [ 3881.0705819206487, 0., 0., 0., 3868.9170487063489, 0.,
       1648.8908346479775, 1129.017322714986, 1. ]
distortionCoefficients: !!opencv-matrix
   rows: 1
   cols: 5
   dt: d
   data: [ 0.030817695568015627, 0.027155658514570427,
       0.00047290909097821344, -0.0028535578770791424,
       -0.26105283268652829 ]
R: !!opencv-matrix
   rows: 3
   cols: 3
   dt: d
   data: [ 0.017567774748470547, -0.85816535395008975,
       0.51307275925233531, -0.99976218183958365, -0.021707877998087821,
       -0.0020764103249574697, 0.012919623490985193,
       -0.51291426888439351, -0.8583426371974382 ]
T: !!opencv-matrix
   rows: 3
   cols: 1
   dt: d
   data: [ -26.981368664252031, 108.63816928659276, 1403.1731688449443 ]
