%YAML:1.0
---
intrinsicMatrix: !!opencv-matrix
   rows: 3
   cols: 3
   dt: d
   data: [ 2958.0759169899861, 0., 0., 0., 2921.2681667568581, 0.,
       1458.5423053237923, 1117.3502556742924, 1. ]
distortionCoefficients: !!opencv-matrix
   rows: 1
   cols: 5
   dt: d
   data: [ 0.023972956141657991, -0.059485472636292822,
       -0.0023064635979521304, -0.01221223246353439, 0.09060811030943422 ]
R: !!opencv-matrix
   rows: 3
   cols: 3
   dt: d
   data: [ -0.52746366274501866, 0.1547777421994472,
       -0.83535979836232932, 0.84957643555686579, 0.097711363076191979,
       -0.51833612005719376, 0.0013972515773889469, -0.98310548085073723,
       -0.18303471784523412 ]
T: !!opencv-matrix
   rows: 3
   cols: 1
   dt: d
   data: [ 177.32492548681591, -46.647999076846872, 1223.6677815640478 ]
