%YAML:1.0
---
intrinsicMatrix: !!opencv-matrix
   rows: 3
   cols: 3
   dt: d
   data: [ 3034.5635161068112, 0., 0., 0., 2993.4658541993444, 0.,
       1853.9755402639389, 1136.6122914127186, 1. ]
distortionCoefficients: !!opencv-matrix
   rows: 1
   cols: 5
   dt: d
   data: [ 0.031275878998997989, -0.37538038604145091,
       -0.0025564760266809407, 0.016395070629626182, 1.0293684866316155 ]
R: !!opencv-matrix
   rows: 3
   cols: 3
   dt: d
   data: [ -0.5053173261697359, -0.23747060552355359,
       0.82961567553997362, -0.8628773398328462, 0.12807171388119318,
       -0.48891747380328671, 0.0098532270217794402, -0.96291504958586005,
       -0.26962486518445028 ]
T: !!opencv-matrix
   rows: 3
   cols: 1
   dt: d
   data: [ 42.515311331089364, -29.176359501451088, 832.1876412278117 ]
