%YAML:1.0
---
intrinsicMatrix: !!opencv-matrix
   rows: 3
   cols: 3
   dt: d
   data: [ 3147.4444592206123, 0., 0., 0., 3106.2342302863026, 0.,
       1674.8794608645728, 1158.0891425558063, 1. ]
distortionCoefficients: !!opencv-matrix
   rows: 1
   cols: 5
   dt: d
   data: [ 0.015708477950056993, 0.055570777124680996,
       0.0027506906183876112, 0.0016343169973051883,
       -0.19087983373415526 ]
R: !!opencv-matrix
   rows: 3
   cols: 3
   dt: d
   data: [ -0.87240902616368465, -0.1396259698944689,
       0.46840915588389304, -0.4885218221569409, 0.21814989739399068,
       -0.84484141424714498, 0.015778393299099473, -0.96587538168959286,
       -0.25852627734583727 ]
T: !!opencv-matrix
   rows: 3
   cols: 1
   dt: d
   data: [ 180.89110500182889, -40.696301878015674, 952.64056100600487 ]
