%YAML:1.0
---
intrinsicMatrix: !!opencv-matrix
   rows: 3
   cols: 3
   dt: d
   data: [ 3866.6503225605688, 0., 0., 0., 3858.851366295477, 0.,
       1491.2671456298535, 1054.5381038059622, 1. ]
distortionCoefficients: !!opencv-matrix
   rows: 1
   cols: 5
   dt: d
   data: [ 0.012273503692251232, 0.089180489078146935,
       -0.00050348176523869268, -0.0017156604577981988,
       -0.1962299091084716 ]
R: !!opencv-matrix
   rows: 3
   cols: 3
   dt: d
   data: [ -0.069295557313470146, 0.83121463602603163,
       -0.55161618205907281, 0.99745961987985376, 0.048582330778011378,
       -0.052096329323437454, -0.016504430815078436,
       -0.55382491934404099, -0.83246958455216313 ]
T: !!opencv-matrix
   rows: 3
   cols: 1
   dt: d
   data: [ 78.01892838998333, -258.02313548203915, 1637.7850373924211 ]
