%YAML:1.0
---
intrinsicMatrix: !!opencv-matrix
   rows: 3
   cols: 3
   dt: d
   data: [ 3822.1004917476398, 0., 0., 0., 3809.9505095904778, 0.,
       1563.5946862593544, 1066.2056211280114, 1. ]
distortionCoefficients: !!opencv-matrix
   rows: 1
   cols: 5
   dt: d
   data: [ 0.046560038118616559, -0.22112186008687287,
       0.0023118248286496039, 0.00022279632621523396,
       0.64766570295732573 ]
R: !!opencv-matrix
   rows: 3
   cols: 3
   dt: d
   data: [ -0.78714719438329306, 0.47687900212579437,
       -0.39113395329825035, 0.6158841806099451, 0.64163216783808352,
       -0.45715949181164395, 0.032954365959813409, -0.60074503325079487,
       -0.79876120431334385 ]
T: !!opencv-matrix
   rows: 3
   cols: 1
   dt: d
   data: [ 196.49773240912896, -191.12872671622597, 1484.0511647154042 ]
