%YAML:1.0
---
intrinsicMatrix: !!opencv-matrix
   rows: 3
   cols: 3
   dt: d
   data: [ 2999.3754712388568, 0., 0., 0., 2968.1097656217908, 0.,
       1431.4823196454756, 1097.9860746715292, 1. ]
distortionCoefficients: !!opencv-matrix
   rows: 1
   cols: 5
   dt: d
   data: [ 0.052162634559083709, -0.41078042701977224,
       -0.0045837846871025038, -0.010479725040493559,
       0.89322838848179054 ]
R: !!opencv-matrix
   rows: 3
   cols: 3
   dt: d
   data: [ 0.37839516565489062, 0.16788343413178672,
       -0.91029243041443952, 0.92564054587622957, -0.071370197725881629,
       0.37161248416890791, -0.0025801703434946452, -0.983219962405532,
       -0.1824058523613683 ]
T: !!opencv-matrix
   rows: 3
   cols: 1
   dt: d
   data: [ -21.038424972987698, -54.000823825973839, 1251.4911131636725 ]
