%YAML:1.0
---
intrinsicMatrix: !!opencv-matrix
   rows: 3
   cols: 3
   dt: d
   data: [ 2534.7882153552328, 0., 0., 0., 2509.35253632484, 0.,
       1477.108860044548, 1131.1367816344678, 1. ]
distortionCoefficients: !!opencv-matrix
   rows: 1
   cols: 5
   dt: d
   data: [ 0.036038843728792222, -0.1195689923578903,
       0.0035573189222283638, -0.0090203715154027891,
       0.14961529067267745 ]
R: !!opencv-matrix
   rows: 3
   cols: 3
   dt: d
   data: [ -0.065415870062339371, 0.21212614417561376,
       -0.97505041952602356, 0.99785522007700678, 0.01624149810453674,
       -0.063412437171670305, 0.0023848447683043404,
       -0.97710734330735138, -0.21273363367764603 ]
T: !!opencv-matrix
   rows: 3
   cols: 1
   dt: d
   data: [ 49.845748163951868, -69.727219607231973, 1130.2015334510279 ]
