%YAML:1.0
---
intrinsicMatrix: !!opencv-matrix
   rows: 3
   cols: 3
   dt: d
   data: [ 3045.5832419724625, 0., 0., 0., 3013.4103686540898, 0.,
       1644.4703042319732, 1239.5059152101742, 1. ]
distortionCoefficients: !!opencv-matrix
   rows: 1
   cols: 5
   dt: d
   data: [ 0.059331250471462586, -0.24327838316083267,
       0.002761415402931496, 0.0066404671802415298, 0.43362697408209766 ]
R: !!opencv-matrix
   rows: 3
   cols: 3
   dt: d
   data: [ 0.45639618619793426, -0.20778092105983564, 0.8651760906221394,
       -0.88972241019226628, -0.11730833692162386, 0.44117201925553962,
       0.0098252386296227567, -0.9711157958087081, -0.23840642303450069 ]
T: !!opencv-matrix
   rows: 3
   cols: 1
   dt: d
   data: [ -138.09473727694692, -1.5105918419103546, 840.91015770258264 ]
