%YAML:1.0
---
intrinsicMatrix: !!opencv-matrix
   rows: 3
   cols: 3
   dt: d
   data: [ 3909.3327907036587, 0., 0., 0., 3893.6717658320185, 0.,
       1608.6792557766885, 1218.1732490360268, 1. ]
distortionCoefficients: !!opencv-matrix
   rows: 1
   cols: 5
   dt: d
   data: [ 0.044193469638789555, -0.12409536812084354,
       0.0018236484598952939, -0.00027040260818204682,
       0.30263876799581618 ]
R: !!opencv-matrix
   rows: 3
   cols: 3
   dt: d
   data: [ 0.73084076739242787, -0.57356598353861399,
       0.36999174715300137, -0.68230562525942118, -0.59948462929973001,
       0.4184222468468643, -0.018188403829906597, -0.55824749334268609,
       -0.82947511407524599 ]
T: !!opencv-matrix
   rows: 3
   cols: 1
   dt: d
   data: [ -184.82059263011217, 6.6670294949462914, 1325.2629067013725 ]
