%YAML:1.0
---
intrinsicMatrix: !!opencv-matrix
   rows: 3
   cols: 3
   dt: d
   data: [ 3101.2148356018633, 0., 0., 0., 3048.3958032344149, 0.,
       1792.117155589508, 1206.279010965281, 1. ]
distortionCoefficients: !!opencv-matrix
   rows: 1
   cols: 5
   dt: d
   data: [ 0.016010536203081443, 0.15116370201781618,
       0.0026444490448902067, 0.028396198483444844, -0.38888638348613797 ]
R: !!opencv-matrix
   rows: 3
   cols: 3
   dt: d
   data: [ 0.88390158569279931, 0.10152518350856631,
       -0.45652018754925561, 0.46733091859401155, -0.15441363292819324,
       0.87049308221010968, 0.017884028921549337, -0.98277622700412715,
       -0.18393231329073106 ]
T: !!opencv-matrix
   rows: 3
   cols: 1
   dt: d
   data: [ -268.91403427078694, -30.5551525537619, 1175.0395950735297 ]
