%YAML:1.0
---
intrinsicMatrix: !!opencv-matrix
   rows: 3
   cols: 3
   dt: d
   data: [ 3169.5909228209894, 0., 0., 0., 3135.8477774961166, 0.,
       1377.499385074371, 1026.0349630815708, 1. ]
distortionCoefficients: !!opencv-matrix
   rows: 1
   cols: 5
   dt: d
   data: [ 0.2148635390166739, -1.1648928173798099,
       -0.008876175069397408, -0.021449054564818076, 2.0612767009698896 ]
R: !!opencv-matrix
   rows: 3
   cols: 3
   dt: d
   data: [ 0.90438823164006243, -0.10355619225342758,
       0.41395422359680423, -0.42545564731769298, -0.14448813730057911,
       0.89337037897422722, -0.032702561833449904, -0.98407283187949546,
       -0.17473193964932135 ]
T: !!opencv-matrix
   rows: 3
   cols: 1
   dt: d
   data: [ -155.64392499438497, 38.55830009683109, 979.79669874445358 ]
