%YAML:1.0
---
intrinsicMatrix: !!opencv-matrix
   rows: 3
   cols: 3
   dt: d
   data: [ 2707.5827546796004, 0., 0., 0., 2706.8282389497454, 0.,
       1570.7145477826641, 1210.200139861754, 1. ]
distortionCoefficients: !!opencv-matrix
   rows: 1
   cols: 5
   dt: d
   data: [ 0.021341559972613035, -0.033682226607970392,
       0.001277185258184009, 0.00078819611047930942,
       0.0072109251221447127 ]
R: !!opencv-matrix
   rows: 3
   cols: 3
   dt: d
   data: [ 0.99874186515808105, 0.031393192708492328,
       -0.039105139672756153, 0.030127802863717079, -0.99901628494262695,
       -0.032538309693337812, -0.040088154375553131,
       0.031319219619037046, -0.99870520830154419 ]
T: !!opencv-matrix
   rows: 3
   cols: 1
   dt: d
   data: [ -182.22759257890809, -37.003923637562281, 1286.0184856823623 ]
