%YAML:1.0
---
intrinsicMatrix: !!opencv-matrix
   rows: 3
   cols: 3
   dt: d
   data: [ 2888.8626948479118, 0., 0., 0., 2809.4261673217238, 0.,
       1606.1113439719518, 1305.4008704143291, 1. ]
distortionCoefficients: !!opencv-matrix
   rows: 1
   cols: 5
   dt: d
   data: [ 0.012334818388507142, -0.015581560362287776,
       -0.0096176380302472036, -0.0012315590666235638,
       -0.066830830590057275 ]
R: !!opencv-matrix
   rows: 3
   cols: 3
   dt: d
   data: [ -0.87977355436633886, 0.13072746821661235,
       -0.45706550931785939, 0.47525966740033121, 0.26463093624306261,
       -0.83910588116715568, 0.011259487801367667, -0.95544797750483801,
       -0.29494479643448407 ]
T: !!opencv-matrix
   rows: 3
   cols: 1
   dt: d
   data: [ 205.15378540109924, -167.89675186777231, 1131.614362362355 ]
