%YAML:1.0
---
intrinsicMatrix: !!opencv-matrix
   rows: 3
   cols: 3
   dt: d
   data: [ 3907.7025209847816, 0., 0., 0., 3892.0865670505186, 0.,
       1470.8394608193757, 1188.2717734342939, 1. ]
distortionCoefficients: !!opencv-matrix
   rows: 1
   cols: 5
   dt: d
   data: [ 0.02269917238416751, 0.095103550661753397,
       0.0021244512349226654, -0.0024651898048896428,
       -0.41167683056277088 ]
R: !!opencv-matrix
   rows: 3
   cols: 3
   dt: d
   data: [ 0.71165412984925014, 0.55563119142305506,
       -0.42990980019418484, 0.70172346462521518, -0.59151585535190554,
       0.39710595027693874, -0.033654011486886987, -0.5842798925302195,
       -0.81085415545776796 ]
T: !!opencv-matrix
   rows: 3
   cols: 1
   dt: d
   data: [ -120.6021974976092, -237.15094237061317, 1510.434435324989 ]
