%YAML:1.0
---
intrinsicMatrix: !!opencv-matrix
   rows: 3
   cols: 3
   dt: d
   data: [ 3847.096212745269, 0., 0., 0., 3829.31661558407, 0.,
       1585.6080546868823, 1175.1703161119274, 1. ]
distortionCoefficients: !!opencv-matrix
   rows: 1
   cols: 5
   dt: d
   data: [ 0.04510439020159758, -0.11006981448342773,
       0.0046351471308274132, -0.0044857567732938053,
       0.19991808457380755 ]
R: !!opencv-matrix
   rows: 3
   cols: 3
   dt: d
   data: [ -0.72071943589478771, -0.58001460352689493,
       0.37966644852520048, -0.69270241700298918, 0.58126099526015873,
       -0.42696484697343523, 0.026960549208577753, -0.57071773625524125,
       -0.82070362557836829 ]
T: !!opencv-matrix
   rows: 3
   cols: 1
   dt: d
   data: [ 158.0071081785153, 29.877894352378235, 1313.7526942337734 ]
