%YAML:1.0
---
intrinsicMatrix: !!opencv-matrix
   rows: 3
   cols: 3
   dt: d
   data: [ 3195.7218764718368, 0., 0., 0., 3182.1282655247555, 0.,
       1568.8580153522344, 1120.2689713501111, 1. ]
distortionCoefficients: !!opencv-matrix
   rows: 1
   cols: 5
   dt: d
   data: [ -0.033329675412386482, 0.22146871286406369,
       0.0014564555868080906, -0.0052631556492301066,
       -0.39315155221208492 ]
R: !!opencv-matrix
   rows: 3
   cols: 3
   dt: d
   data: [ -0.50215959343200423, 0.20606781656507148,
       -0.83986416608768188, 0.86476939459026647, 0.12314922648310349,
       -0.48683486218823024, 0.0031076255570457048, -0.97075757787225236,
       -0.24004169616250801 ]
T: !!opencv-matrix
   rows: 3
   cols: 1
   dt: d
   data: [ 25.413922730117214, -55.842577827356536, 1069.4545136058775 ]
