%YAML:1.0
---
intrinsicMatrix: !!opencv-matrix
   rows: 3
   cols: 3
   dt: d
   data: [ 3904.9668068392566, 0., 0., 0., 3903.1195388108058, 0.,
       1603.2622720351308, 1094.5089469570555, 1. ]
distortionCoefficients: !!opencv-matrix
   rows: 1
   cols: 5
   dt: d
   data: [ 0.024172419808125869, 0.0071951564573145685,
       0.0020535428767569607, -0.00067865035782145328,
       -0.14316881899463219 ]
R: !!opencv-matrix
   rows: 3
   cols: 3
   dt: d
   data: [ -0.99996989119299773, -0.0077582968590303543,
       -0.00021287357781118999, -0.006461629553517252,
       0.8474088917514353, -0.53090153359107273, 0.0042992819584896872,
       -0.53088414813370355, -0.84743346975710832 ]
T: !!opencv-matrix
   rows: 3
   cols: 1
   dt: d
   data: [ -5.9542147045205454, -65.097428714338093, 1529.3149739568482 ]
