%YAML:1.0
---
intrinsicMatrix: !!opencv-matrix
   rows: 3
   cols: 3
   dt: d
   data: [ 3951.7439593340914, 0., 0., 0., 3941.0547037423635, 0.,
       1524.6820258687555, 1053.2112572018987, 1. ]
distortionCoefficients: !!opencv-matrix
   rows: 1
   cols: 5
   dt: d
   data: [ -0.013238502117858729, 0.42568853442787119,
       -0.0065023099393618777, -0.0075468408452759855,
       -1.5471685819511873 ]
R: !!opencv-matrix
   rows: 3
   cols: 3
   dt: d
   data: [ -0.68539754908525508, -0.57105078135741238,
       0.45180883634216701, -0.72761658495371917, 0.56126637281185765,
       -0.39440358124152974, -0.028360633100773181, -0.59906682268922273,
       -0.80019657876845585 ]
T: !!opencv-matrix
   rows: 3
   cols: 1
   dt: d
   data: [ 5.3918821613645846, -58.436591582716574, 1423.7667359711249 ]
