%YAML:1.0
---
intrinsicMatrix: !!opencv-matrix
   rows: 3
   cols: 3
   dt: d
   data: [ 3031.2768155990093, 0., 0., 0., 3014.2084032567782, 0.,
       1807.1044827290004, 1337.2710660120576, 1. ]
distortionCoefficients: !!opencv-matrix
   rows: 1
   cols: 5
   dt: d
   data: [ -0.0085728344718968789, 0.36783665990148934,
       0.011087747036677977, 0.028232730823568305, -0.79499730945351044 ]
R: !!opencv-matrix
   rows: 3
   cols: 3
   dt: d
   data: [ -0.9181998439935023, -0.12412220727452163, 0.3761685047016271,
       -0.39525966150034941, 0.22462850519686345, -0.89068055748898434,
       0.026055065908277213, -0.96650694001985038, -0.25531434872243214 ]
T: !!opencv-matrix
   rows: 3
   cols: 1
   dt: d
   data: [ -90.716973169545781, -73.818223901084366, 1017.5951740497241 ]
