%YAML:1.0
---
intrinsicMatrix: !!opencv-matrix
   rows: 3
   cols: 3
   dt: d
   data: [ 2565.3831612907252, 0., 0., 0., 2547.7916606058116, 0.,
       1517.3768715329486, 1115.425816963218, 1. ]
distortionCoefficients: !!opencv-matrix
   rows: 1
   cols: 5
   dt: d
   data: [ -0.0027943287859972256, 0.024926794489409917,
       -0.0020697196119037775, -0.0072447358585138793,
       -0.051634913959259829 ]
R: !!opencv-matrix
   rows: 3
   cols: 3
   dt: d
   data: [ 0.99944471549690161, 0.012456398005418793,
       -0.030904992992995706, 0.032844126316813702, -0.2119445376386262,
       0.97672964385077943, 0.0056163890023356597, -0.97720228351329164,
       -0.21223595713394472 ]
T: !!opencv-matrix
   rows: 3
   cols: 1
   dt: d
   data: [ 20.993278172243478, -16.073998421123406, 930.89247499789792 ]
