%YAML:1.0
---
intrinsicMatrix: !!opencv-matrix
   rows: 3
   cols: 3
   dt: d
   data: [ 3935.1695808132181, 0., 0., 0., 3928.5998142494273, 0.,
       1573.6596547602865, 1156.0443145203035, 1. ]
distortionCoefficients: !!opencv-matrix
   rows: 1
   cols: 5
   dt: d
   data: [ 0.038793900215893122, -0.18338971097628851,
       -0.0015813108160638108, -0.00060304262590742499,
       0.43343703419890739 ]
R: !!opencv-matrix
   rows: 3
   cols: 3
   dt: d
   data: [ 0.67842536949179288, -0.59690595971236371,
       0.42830166129450797, -0.73461588475982353, -0.54413608477315623,
       0.40528439885038581, -0.0088622837564139596, -0.5895923953516703,
       -0.80765228625917918 ]
T: !!opencv-matrix
   rows: 3
   cols: 1
   dt: d
   data: [ -1.5218099447702382, -103.05931312597397, 1433.8661851865641 ]
