%YAML:1.0
---
intrinsicMatrix: !!opencv-matrix
   rows: 3
   cols: 3
   dt: d
   data: [ 3912.0855086788229, 0., 0., 0., 3899.8291505373677, 0.,
       1525.6714494420478, 1080.5531535880805, 1. ]
distortionCoefficients: !!opencv-matrix
   rows: 1
   cols: 5
   dt: d
   data: [ 0.016249780632831643, -0.0068061729827702741,
       -0.0040274510091354021, -0.0027182812701669204,
       0.029108517790657807 ]
R: !!opencv-matrix
   rows: 3
   cols: 3
   dt: d
   data: [ 0.62498748818073535, 0.63324785201715061,
       -0.45649514489318388, 0.78036498416137878, -0.49143912670380263,
       0.38667570014761848, 0.020521981125728728, -0.59790027350768837,
       -0.80130771833277969 ]
T: !!opencv-matrix
   rows: 3
   cols: 1
   dt: d
   data: [ 38.124347131984294, -90.573213736464254, 1436.2663307619932 ]
