%YAML:1.0
---
intrinsicMatrix: !!opencv-matrix
   rows: 3
   cols: 3
   dt: d
   data: [ 3021.1081647457022, 0., 0., 0., 2974.2226444661342, 0.,
       1501.5657853751704, 1206.7966026800618, 1. ]
distortionCoefficients: !!opencv-matrix
   rows: 1
   cols: 5
   dt: d
   data: [ -0.0030099161780757677, -0.0097450821241276582,
       -0.010053870255965743, -0.0098869314803942329,
       -0.0005665587004083202 ]
R: !!opencv-matrix
   rows: 3
   cols: 3
   dt: d
   data: [ 0.4639803195117449, 0.22973770149614095, -0.85553659851282693,
       0.88584466589182453, -0.11898936680320758, 0.44846491428428303,
       0.0012295412931380763, -0.96595138183447482, -0.25872063000436529 ]
T: !!opencv-matrix
   rows: 3
   cols: 1
   dt: d
   data: [ 48.123898854239002, -99.796907538833011, 1068.3691255184544 ]
