%YAML:1.0
---
intrinsicMatrix: !!opencv-matrix
   rows: 3
   cols: 3
   dt: d
   data: [ 3899.299265466675, 0., 0., 0., 3897.6606521390313, 0.,
       1584.4370605454271, 1173.2693016563644, 1. ]
distortionCoefficients: !!opencv-matrix
   rows: 1
   cols: 5
   dt: d
   data: [ 0.024410218248920743, 0.015483308851185131,
       0.0028664256024355786, 0.0033785703102911686,
       -0.12478250024111243 ]
R: !!opencv-matrix
   rows: 3
   cols: 3
   dt: d
   data: [ -0.68028294016347601, 0.58774110096407095,
       -0.43792184158583242, 0.73261185645055227, 0.56339367954547859,
       -0.38192597513329435, 0.022248803734766114, -0.58064443110604602,
       -0.81385317077927866 ]
T: !!opencv-matrix
   rows: 3
   cols: 1
   dt: d
   data: [ 0.17265002303371091, -94.937920875794589, 1421.0865275406218 ]
