%YAML:1.0
---
intrinsicMatrix: !!opencv-matrix
   rows: 3
   cols: 3
   dt: d
   data: [ 3034.5393822650694, 0., 0., 0., 3035.1633889816344, 0.,
       1765.4185918951966, 1141.6925483428811, 1. ]
distortionCoefficients: !!opencv-matrix
   rows: 1
   cols: 5
   dt: d
   data: [ 0.048819484020960466, -0.34265562759583695,
       -0.00022405453624631271, 0.0097664026670213171,
       0.7291062298726998 ]
R: !!opencv-matrix
   rows: 3
   cols: 3
   dt: d
   data: [ -0.86878807873380004, 0.12828522720037869,
       -0.47827836508672283, 0.49518399753331477, 0.22569833961524163,
       -0.83895952758585757, 0.00032051917413636989,
       -0.96571378402334573, -0.25960880733200953 ]
T: !!opencv-matrix
   rows: 3
   cols: 1
   dt: d
   data: [ -38.546154372795115, -78.974919019985009, 1020.4361523409023 ]
