%YAML:1.0
---
intrinsicMatrix: !!opencv-matrix
   rows: 3
   cols: 3
   dt: d
   data: [ 2731.9253241447132, 0., 0., 0., 2731.5884390130623, 0.,
       1599.7344042767595, 1166.1001725472577, 1. ]
distortionCoefficients: !!opencv-matrix
   rows: 1
   cols: 5
   dt: d
   data: [ 0.014467457458190077, -0.026934217584164297,
       0.0011380373334899335, 0.00028440345255511238,
       0.0083480207237931082 ]
R: !!opencv-matrix
   rows: 3
   cols: 3
   dt: d
   data: [ 0.013402421027421951, -0.99976754188537598,
       -0.016889555379748913, -0.99967688322067261,
       -0.013762248679995549, 0.021371722221374505,
       -0.021599192172288895, 0.016597663983703229, -0.99962890148162842 ]
T: !!opencv-matrix
   rows: 3
   cols: 1
   dt: d
   data: [ 23.013585119769065, -9.7574586530295555, 1294.1230819569691 ]
