%YAML:1.0
---
intrinsicMatrix: !!opencv-matrix
   rows: 3
   cols: 3
   dt: d
   data: [ 3008.1493891836744, 0., 0., 0., 2985.9172013139182, 0.,
       1428.2503031979093, 1150.2840876645869, 1. ]
distortionCoefficients: !!opencv-matrix
   rows: 1
   cols: 5
   dt: d
   data: [ 0.0197348385163695, -0.072214565896708424,
       -0.0016541559441990753, -0.018112880726470368,
       0.13833536806203997 ]
R: !!opencv-matrix
   rows: 3
   cols: 3
   dt: d
   data: [ 0.91970527303083127, -0.081256085008376486,
       0.38410894182021377, -0.39260906748906077, -0.18887005987054545,
       0.90010346152823051, -0.00059220434390358154,
       -0.97863450827094001, -0.20560665540027878 ]
T: !!opencv-matrix
   rows: 3
   cols: 1
   dt: d
   data: [ 63.90337475912429, -35.054266303085569, 1059.2701419577943 ]
