%YAML:1.0
---
intrinsicMatrix: !!opencv-matrix
   rows: 3
   cols: 3
   dt: d
   data: [ 3122.2233269761532, 0., 0., 0., 3107.3721118645476, 0.,
       1533.593461763907, 1119.6116884134833, 1. ]
distortionCoefficients: !!opencv-matrix
   rows: 1
   cols: 5
   dt: d
   data: [ 0.01502891979521421, -0.0027821803527597068,
       -0.00081419430932609498, -0.0054001911794664785,
       -0.057058856324853011 ]
R: !!opencv-matrix
   rows: 3
   cols: 3
   dt: d
   data: [ -0.48296230523886252, -0.16382485014916834,
       0.86017954519380146, -0.8753530246938992, 0.11552675807164733,
       -0.46947914881699776, -0.022461402851565615, -0.97970145337884451,
       -0.19919963819971725 ]
T: !!opencv-matrix
   rows: 3
   cols: 1
   dt: d
   data: [ -9.6275277977929541, -15.509880491659487, 1058.2246237650929 ]
