%YAML:1.0
---
intrinsicMatrix: !!opencv-matrix
   rows: 3
   cols: 3
   dt: d
   data: [ 3927.8966828989287, 0., 0., 0., 3918.1963374455377, 0.,
       1541.6857664174834, 1105.1446167324434, 1. ]
distortionCoefficients: !!opencv-matrix
   rows: 1
   cols: 5
   dt: d
   data: [ 0.035954730168214315, -0.20657786180271112,
       -0.0012094561253105677, -0.0031070027849291189,
       0.65211145893606381 ]
R: !!opencv-matrix
   rows: 3
   cols: 3
   dt: d
   data: [ 0.99897442007520854, 0.033707124677269128,
       -0.030231730999740643, 0.04469129402703674, -0.84120519063812271,
       0.53886597250791834, -0.0072674656502879804, -0.53966439322539728,
       -0.84184884323568698 ]
T: !!opencv-matrix
   rows: 3
   cols: 1
   dt: d
   data: [ 43.568955128237334, -95.4707939426861, 1547.9339653222739 ]
