%YAML:1.0
---
intrinsicMatrix: !!opencv-matrix
   rows: 3
   cols: 3
   dt: d
   data: [ 3006.946322974321, 0., 0., 0., 2989.4576065146607, 0.,
       1550.3323726300753, 1108.5628604702893, 1. ]
distortionCoefficients: !!opencv-matrix
   rows: 1
   cols: 5
   dt: d
   data: [ 0.014663681516656436, -0.022458986882818256,
       -0.0014324111906274877, -0.0025324490535027708,
       0.01396373976642009 ]
R: !!opencv-matrix
   rows: 3
   cols: 3
   dt: d
   data: [ 0.87410102161628167, 0.091210220298406808,
       -0.47710388753429611, 0.48574142722895519, -0.16081618419329699,
       0.85918184432652067, 0.0016401393548842714, -0.982760805817816,
       -0.18487416455738945 ]
T: !!opencv-matrix
   rows: 3
   cols: 1
   dt: d
   data: [ 29.600622670529017, -8.3747928740046973, 1064.026843006616 ]
