%YAML:1.0
---
intrinsicMatrix: !!opencv-matrix
   rows: 3
   cols: 3
   dt: d
   data: [ 3069.2912808721449, 0., 0., 0., 3052.1459906127652, 0.,
       1678.3271263394017, 1195.249196692507, 1. ]
distortionCoefficients: !!opencv-matrix
   rows: 1
   cols: 5
   dt: d
   data: [ 0.037543018538151403, -0.11087095019321701,
       0.001858816138282369, 0.0092830518921007375, 0.068749972611606411 ]
R: !!opencv-matrix
   rows: 3
   cols: 3
   dt: d
   data: [ 0.48535642811288815, -0.14936617235277583,
       0.86146323428456806, -0.8740620528091172, -0.10665740429510115,
       0.47396175667808826, 0.021087577663594325, -0.98301266300193013,
       -0.18232215080925876 ]
T: !!opencv-matrix
   rows: 3
   cols: 1
   dt: d
   data: [ -35.360961110325377, -2.2304391592454067, 1076.9562704548048 ]
