%YAML:1.0
---
intrinsicMatrix: !!opencv-matrix
   rows: 3
   cols: 3
   dt: d
   data: [ 3042.0964532069224, 0., 0., 0., 3034.3482816073306, 0.,
       1646.1089268517321, 1176.4969635326206, 1. ]
distortionCoefficients: !!opencv-matrix
   rows: 1
   cols: 5
   dt: d
   data: [ -0.063147868401447052, 0.50371703072595264,
       -0.00083688125145200173, 0.0087926717463989619,
       -1.1164156160142955 ]
R: !!opencv-matrix
   rows: 3
   cols: 3
   dt: d
   data: [ 0.89389906235667271, 0.099446489084850737,
       -0.43709816643054616, 0.4482507725823508, -0.18968987740313326,
       0.8735496609528286, 0.0039583489097321156, -0.97679486014151151,
       -0.21414057929836008 ]
T: !!opencv-matrix
   rows: 3
   cols: 1
   dt: d
   data: [ -158.66859494387654, 15.525907365148214, 832.38849570769071 ]
