%YAML:1.0
---
intrinsicMatrix: !!opencv-matrix
   rows: 3
   cols: 3
   dt: d
   data: [ 3924.2162273122212, 0., 0., 0., 3927.756878009302, 0.,
       1557.3464061653235, 1166.4105553064428, 1. ]
distortionCoefficients: !!opencv-matrix
   rows: 1
   cols: 5
   dt: d
   data: [ 0.018213101983861647, 0.11616639142811513,
       0.0047974256387611925, -0.0013067834217155442,
       -0.47754468133376277 ]
R: !!opencv-matrix
   rows: 3
   cols: 3
   dt: d
   data: [ -0.62154934792529737, -0.64817900028515285,
       0.43993219551808821, -0.78258943358975286, 0.48862206071550096,
       -0.38574897935898622, 0.035073813970995758, -0.5840483419067003,
       -0.81096079863133141 ]
T: !!opencv-matrix
   rows: 3
   cols: 1
   dt: d
   data: [ 217.9063641128804, -223.47621727525961, 1519.1411874601117 ]
