%YAML:1.0
---
intrinsicMatrix: !!opencv-matrix
   rows: 3
   cols: 3
   dt: d
   data: [ 3044.2331019716003, 0., 0., 0., 3045.6969491676873, 0.,
       1620.1058352422481, 1075.1639861050885, 1. ]
distortionCoefficients: !!opencv-matrix
   rows: 1
   cols: 5
   dt: d
   data: [ 0.041797929289308429, -0.023590801055001269,
       0.00020026921654259369, -0.0068315566693887232,
       -0.12272239219129806 ]
R: !!opencv-matrix
   rows: 3
   cols: 3
   dt: d
   data: [ 0.89503028329836465, -0.11939014191022525,
       0.42972867133098464, -0.4459003123973016, -0.21862478508580305,
       0.86797242445302791, -0.0096780132800313133, -0.96847779974255888,
       -0.24891191713529412 ]
T: !!opencv-matrix
   rows: 3
   cols: 1
   dt: d
   data: [ 96.108276093323099, -6.9827537021303669, 817.67945032752777 ]
