%YAML:1.0
---
intrinsicMatrix: !!opencv-matrix
   rows: 3
   cols: 3
   dt: d
   data: [ 3084.1523711199916, 0., 0., 0., 3076.466876773929, 0.,
       1440.9233968599726, 1149.1966487494185, 1. ]
distortionCoefficients: !!opencv-matrix
   rows: 1
   cols: 5
   dt: d
   data: [ 0.03066652740332939, -0.1350801583782843,
       5.8852788975923919e-05, -0.017292937380534099,
       0.28455622005507103 ]
R: !!opencv-matrix
   rows: 3
   cols: 3
   dt: d
   data: [ -0.55775883314086661, 0.12865869884920567,
       -0.81997071181485248, 0.82997962349973264, 0.093879649293931833,
       -0.54983674930326576, 0.0062372824785290396, -0.98723533345084691,
       -0.15914630916449685 ]
T: !!opencv-matrix
   rows: 3
   cols: 1
   dt: d
   data: [ -132.33187877425263, -11.670463039952892, 1218.6643833362264 ]
