%YAML:1.0
---
intrinsicMatrix: !!opencv-matrix
   rows: 3
   cols: 3
   dt: d
   data: [ 3040.444270066906, 0., 0., 0., 3028.8932475065239, 0.,
       1741.1486240461891, 1234.6926988860557, 1. ]
distortionCoefficients: !!opencv-matrix
   rows: 1
   cols: 5
   dt: d
   data: [ 0.010927999011828201, -0.10329300052817876,
       -0.0026020901554008038, 0.015250229110174564, 0.19995741356195526 ]
R: !!opencv-matrix
   rows: 3
   cols: 3
   dt: d
   data: [ -0.52363310421435161, -0.23689024961472133,
       0.81834670328578041, -0.85160296507767108, 0.11837098078476192,
       -0.51064734958644864, 0.024098877785599996, -0.96429838162065173,
       -0.26371941589589226 ]
T: !!opencv-matrix
   rows: 3
   cols: 1
   dt: d
   data: [ 168.5891883787632, -132.73566468202148, 1173.5070728351959 ]
