%YAML:1.0
---
intrinsicMatrix: !!opencv-matrix
   rows: 3
   cols: 3
   dt: d
   data: [ 3940.7086578131493, 0., 0., 0., 3946.2288498846651, 0.,
       1539.6635665958324, 1164.0575308487885, 1. ]
distortionCoefficients: !!opencv-matrix
   rows: 1
   cols: 5
   dt: d
   data: [ 0.021804680812765369, 0.0084054689769708785,
       0.001065505425391716, -0.0040400206362267224,
       -0.043473824673124023 ]
R: !!opencv-matrix
   rows: 3
   cols: 3
   dt: d
   data: [ -0.68869258040108838, 0.58850012430250687,
       -0.42352104831615167, 0.72483189016776939, 0.54437699275508067,
       -0.42222320591772955, -0.017923295216696569, -0.59776358000013674,
       -0.80147209118047202 ]
T: !!opencv-matrix
   rows: 3
   cols: 1
   dt: d
   data: [ -142.64808854866001, -242.86467314600975, 1538.1591410755641 ]
