%YAML:1.0
---
intrinsicMatrix: !!opencv-matrix
   rows: 3
   cols: 3
   dt: d
   data: [ 3022.2018493231467, 0., 0., 0., 3007.4763179841607, 0.,
       1439.6049709488336, 1019.9367525864349, 1. ]
distortionCoefficients: !!opencv-matrix
   rows: 1
   cols: 5
   dt: d
   data: [ -7.7030191798148625e-05, -0.005232659409310501,
       -0.014373143853540651, -0.017388114815272766,
       0.073898073171797946 ]
R: !!opencv-matrix
   rows: 3
   cols: 3
   dt: d
   data: [ -0.92145995439857509, 0.056362573679946674,
       -0.38436279437315041, 0.38845787713718255, 0.14250504923595186,
       -0.91038058167616098, 0.00346224681893606, -0.98818805152143563,
       -0.1532071888144847 ]
T: !!opencv-matrix
   rows: 3
   cols: 1
   dt: d
   data: [ -12.532742670145097, -23.903737792774564, 1276.5957322291843 ]
