%YAML:1.0
---
intrinsicMatrix: !!opencv-matrix
   rows: 3
   cols: 3
   dt: d
   data: [ 2578.0746607532392, 0., 0., 0., 2576.524861349832, 0.,
       1709.300013803128, 1060.5442370022433, 1. ]
distortionCoefficients: !!opencv-matrix
   rows: 1
   cols: 5
   dt: d
   data: [ -0.0065442564134904468, 0.020276565788583972,
       -0.0077514045078448572, 0.017091102641232956,
       0.0094405437712525176 ]
R: !!opencv-matrix
   rows: 3
   cols: 3
   dt: d
   data: [ -0.99926978100623975, -0.014603339575094878,
       -0.035307112759107619, 0.032092419138872091, 0.18068101198736053,
       -0.98301803818736244, 0.020734672512018368, -0.98343335724811853,
       -0.18008042712831843 ]
T: !!opencv-matrix
   rows: 3
   cols: 1
   dt: d
   data: [ -37.058143302786604, -38.12978211392624, 1156.6248188239647 ]
