%YAML:1.0
---
intrinsicMatrix: !!opencv-matrix
   rows: 3
   cols: 3
   dt: d
   data: [ 3127.7163124073709, 0., 0., 0., 3141.9301529529039, 0.,
       1688.6522596591262, 1177.000019209755, 1. ]
distortionCoefficients: !!opencv-matrix
   rows: 1
   cols: 5
   dt: d
   data: [ 0.040950302038813759, -0.082143678914274029,
       0.015045694435653175, 0.013504551030182974, 0.18219343043471525 ]
R: !!opencv-matrix
   rows: 3
   cols: 3
   dt: d
   data: [ 0.51840274339997583, 0.17451072342877003,
       -0.83714069786036194, 0.85485317867316046, -0.13095914611685283,
       0.50207146883828202, -0.022014377197571128, -0.97590765989238537,
       -0.21707063732152873 ]
T: !!opencv-matrix
   rows: 3
   cols: 1
   dt: d
   data: [ -268.53818546892569, -10.918736915120917, 957.25022855849988 ]
