%YAML:1.0
---
intrinsicMatrix: !!opencv-matrix
   rows: 3
   cols: 3
   dt: d
   data: [ 3920.0537018071077, 0., 0., 0., 3921.5655292622905, 0.,
       1532.5500483091027, 1133.3400340290116, 1. ]
distortionCoefficients: !!opencv-matrix
   rows: 1
   cols: 5
   dt: d
   data: [ 0.01163171395425713, 0.12421061219636481,
       -0.0016173140505977134, -0.00086439133463654802,
       -0.45711284678180281 ]
R: !!opencv-matrix
   rows: 3
   cols: 3
   dt: d
   data: [ 0.69272160829254548, -0.5801907295743185, 0.42838701624932252,
       -0.72105530491634406, -0.56926541673504283, 0.39498879404632264,
       0.014697077282982357, -0.58250803063551926, -0.81269209740938853 ]
T: !!opencv-matrix
   rows: 3
   cols: 1
   dt: d
   data: [ 171.52409979810602, 60.066395464324955, 1328.4857269331976 ]
