%YAML:1.0
---
intrinsicMatrix: !!opencv-matrix
   rows: 3
   cols: 3
   dt: d
   data: [ 3915.845142482242, 0., 0., 0., 3916.0573428844182, 0.,
       1646.6812259548053, 1140.1909152024332, 1. ]
distortionCoefficients: !!opencv-matrix
   rows: 1
   cols: 5
   dt: d
   data: [ 0.02779445071067747, 0.0072385561483747146,
       0.00075525483464014271, 0.0049335535846762564,
       -0.15472679846038689 ]
R: !!opencv-matrix
   rows: 3
   cols: 3
   dt: d
   data: [ 0.69268692579914903, 0.58067696414123615,
       -0.42778386027645932, 0.72110358358154325, -0.56905246136189003,
       0.39520745542628938, -0.013943594329308192, -0.58223153984587894,
       -0.81290347841123167 ]
T: !!opencv-matrix
   rows: 3
   cols: 1
   dt: d
   data: [ -217.42660635208125, 28.686471912938032, 1328.5711168052294 ]
