%YAML:1.0
---
intrinsicMatrix: !!opencv-matrix
   rows: 3
   cols: 3
   dt: d
   data: [ 3024.333634478035, 0., 0., 0., 3022.4155809560266, 0.,
       1746.4499615711993, 1089.1682356176498, 1. ]
distortionCoefficients: !!opencv-matrix
   rows: 1
   cols: 5
   dt: d
   data: [ 0.023474004559622962, -0.080347463440836819,
       -0.00029844947423751813, 0.019318252824794085,
       0.18667766715577977 ]
R: !!opencv-matrix
   rows: 3
   cols: 3
   dt: d
   data: [ -0.89959449078653864, -0.091287327033632515,
       0.42707882298230465, -0.43632998880833312, 0.14622635109790505,
       -0.88782543890778665, 0.018597034657965909, -0.98503021855005579,
       -0.17137582639439908 ]
T: !!opencv-matrix
   rows: 3
   cols: 1
   dt: d
   data: [ 77.170070387946538, -34.901813614736511, 1261.1249186368964 ]
