%YAML:1.0
---
intrinsicMatrix: !!opencv-matrix
   rows: 3
   cols: 3
   dt: d
   data: [ 3220.6550525514217, 0., 0., 0., 3231.6015969433965, 0.,
       1669.4106716608926, 1012.6018010663089, 1. ]
distortionCoefficients: !!opencv-matrix
   rows: 1
   cols: 5
   dt: d
   data: [ 0.057690224809347664, -0.45515118330468646,
       -0.0013918518624506755, 0.005879870334352777, 1.3171909502016919 ]
R: !!opencv-matrix
   rows: 3
   cols: 3
   dt: d
   data: [ 0.48292570123860895, -0.1816486192659974, 0.85661338488978955,
       -0.87557111588305914, -0.11421046152032044, 0.46939451037618918,
       0.012569345903613225, -0.97670865675243945, -0.21420146216962396 ]
T: !!opencv-matrix
   rows: 3
   cols: 1
   dt: d
   data: [ 183.6334072218099, 8.6999695742342738, 954.15044625270934 ]
