%YAML:1.0
---
intrinsicMatrix: !!opencv-matrix
   rows: 3
   cols: 3
   dt: d
   data: [ 2740.358904737031, 0., 0., 0., 2739.6224692605642, 0.,
       1600.8609222227708, 1153.0157099393771, 1. ]
distortionCoefficients: !!opencv-matrix
   rows: 1
   cols: 5
   dt: d
   data: [ 0.016467881776546012, -0.02961459687372443,
       8.7090169793955867e-05, 0.00079482049091311822,
       0.036144787329394759 ]
R: !!opencv-matrix
   rows: 3
   cols: 3
   dt: d
   data: [ -0.022406680509448051, 0.99972182512283325,
       0.0073592127300798893, 0.99932372570037842, 0.022611211985349655,
       -0.028997227549552917, -0.029155563563108444,
       0.0067045041359961033, -0.99955242872238159 ]
T: !!opencv-matrix
   rows: 3
   cols: 1
   dt: d
   data: [ -206.52487159160916, -27.338439540578495, 1302.9804531004897 ]
