%YAML:1.0
---
intrinsicMatrix: !!opencv-matrix
   rows: 3
   cols: 3
   dt: d
   data: [ 3922.6141347928947, 0., 0., 0., 3925.4815027411591, 0.,
       1621.1203584613913, 1058.1349519521352, 1. ]
distortionCoefficients: !!opencv-matrix
   rows: 1
   cols: 5
   dt: d
   data: [ 0.015879975460864604, 0.10682686254437444,
       -0.0012695892898063076, 0.0019070534853940471,
       -0.43784706731514689 ]
R: !!opencv-matrix
   rows: 3
   cols: 3
   dt: d
   data: [ 0.99991369428877419, 0.01231388472913692,
       -0.0045735311347964262, 0.012856796583718582,
       -0.84606390899379336, 0.53292642976347004, 0.0026928946722079464,
       -0.53293926131707936, -0.84614924634623023 ]
T: !!opencv-matrix
   rows: 3
   cols: 1
   dt: d
   data: [ -34.523668626880891, 142.18647978911622, 1412.6403701558079 ]
