%YAML:1.0
---
intrinsicMatrix: !!opencv-matrix
   rows: 3
   cols: 3
   dt: d
   data: [ 3940.4162979137768, 0., 0., 0., 3942.7190441114012, 0.,
       1601.3766993602503, 1118.8061201508469, 1. ]
distortionCoefficients: !!opencv-matrix
   rows: 1
   cols: 5
   dt: d
   data: [ 0.018380121139130672, 0.049390683624337364,
       0.0015793130491497059, 0.00087968493737500242,
       -0.2079725137559067 ]
R: !!opencv-matrix
   rows: 3
   cols: 3
   dt: d
   data: [ -0.99893092058810207, -0.043301587846989724,
       0.016184355202609284, -0.045113752666851324, 0.83678987406129435,
       -0.54566241473047183, 0.010085145372469718, -0.54580922141644905,
       -0.83784881612781992 ]
T: !!opencv-matrix
   rows: 3
   cols: 1
   dt: d
   data: [ 49.217780322879904, -293.09718427414299, 1676.2516781937964 ]
