%YAML:1.0
---
intrinsicMatrix: !!opencv-matrix
   rows: 3
   cols: 3
   dt: d
   data: [ 3038.6479829061959, 0., 0., 0., 3033.7417655334675, 0.,
       1573.6228311160814, 1227.0771100316781, 1. ]
distortionCoefficients: !!opencv-matrix
   rows: 1
   cols: 5
   dt: d
   data: [ -0.10114428684746815, 0.85571120211115503,
       0.0016126761531478474, -0.00044920969589199084,
       -1.9477863070017845 ]
R: !!opencv-matrix
   rows: 3
   cols: 3
   dt: d
   data: [ 0.87654263300808566, 0.11490283674457581,
       -0.46740809031129654, 0.48119454864324918, -0.18665495756574391,
       0.85651138844018537, 0.011171550641812996, -0.97568295159086149,
       -0.21890164299200254 ]
T: !!opencv-matrix
   rows: 3
   cols: 1
   dt: d
   data: [ -116.84337047160014, 6.9565811259660677, 831.44047369620876 ]
