%YAML:1.0
---
intrinsicMatrix: !!opencv-matrix
   rows: 3
   cols: 3
   dt: d
   data: [ 3027.7172694853607, 0., 0., 0., 2979.017375815492, 0.,
       1659.9020322365336, 1254.0628692819794, 1. ]
distortionCoefficients: !!opencv-matrix
   rows: 1
   cols: 5
   dt: d
   data: [ -0.032756854404961906, -0.017831026110410719,
       -0.012466788516502987, 0.0065329901801136651, 0.2129405459723937 ]
R: !!opencv-matrix
   rows: 3
   cols: 3
   dt: d
   data: [ -0.49243935516190962, -0.23986332994893256,
       0.83664152221526933, -0.87032760505459039, 0.12933226061232672,
       -0.47518738577579045, 0.0057752898253169383, -0.96215316181784971,
       -0.27244796586641046 ]
T: !!opencv-matrix
   rows: 3
   cols: 1
   dt: d
   data: [ 186.13039784333137, -144.97935313799485, 1178.5251124697274 ]
