%YAML:1.0
---
intrinsicMatrix: !!opencv-matrix
   rows: 3
   cols: 3
   dt: d
   data: [ 3007.1826161939766, 0., 0., 0., 2987.8893100918817, 0.,
       1400.4988218494941, 1119.0452986051719, 1. ]
distortionCoefficients: !!opencv-matrix
   rows: 1
   cols: 5
   dt: d
   data: [ 0.016547291079563729, 0.050131163289954157,
       0.0017411562699903526, -0.021647084620684605,
       -0.18931153899466019 ]
R: !!opencv-matrix
   rows: 3
   cols: 3
   dt: d
   data: [ -0.83849208003457576, -0.096411432977104097,
       0.53631692083295557, -0.54483549303320156, 0.16501508663078268,
       -0.82214617439424209, -0.0092360919946757273,
       -0.98156752906905409, -0.19089220873397045 ]
T: !!opencv-matrix
   rows: 3
   cols: 1
   dt: d
   data: [ 203.10283259592126, -48.686891129382502, 1242.8413466662341 ]
