%YAML:1.0
---
intrinsicMatrix: !!opencv-matrix
   rows: 3
   cols: 3
   dt: d
   data: [ 3083.5528243582976, 0., 0., 0., 3058.2131379089992, 0.,
       1677.2940027240027, 967.56862668124711, 1. ]
distortionCoefficients: !!opencv-matrix
   rows: 1
   cols: 5
   dt: d
   data: [ 0.087564524149532447, -0.74380651577168766,
       -0.021463748775691301, 0.01099699156527415, 1.9991051737066641 ]
R: !!opencv-matrix
   rows: 3
   cols: 3
   dt: d
   data: [ -0.50213281564994106, 0.086680567076916362,
       -0.86043540547785302, 0.86455505674798661, 0.073533312319594382,
       -0.49712918963422248, 0.020179223843340231, -0.99351863934497275,
       -0.11186360924174842 ]
T: !!opencv-matrix
   rows: 3
   cols: 1
   dt: d
   data: [ -229.71524822266306, 63.332737424168045, 1183.9650420360642 ]
