%YAML:1.0
---
intrinsicMatrix: !!opencv-matrix
   rows: 3
   cols: 3
   dt: d
   data: [ 3053.3434925263182, 0., 0., 0., 3053.3147199678797, 0.,
       1695.4012701596612, 1128.7666493276506, 1. ]
distortionCoefficients: !!opencv-matrix
   rows: 1
   cols: 5
   dt: d
   data: [ -0.04199316554782731, 0.63280720343700336,
       0.0050517887898170674, 0.0013893683718262252, -1.8844573243522535 ]
R: !!opencv-matrix
   rows: 3
   cols: 3
   dt: d
   data: [ 0.888783308303567, -0.12033942205936025, 0.44224724605195292,
       -0.45830188523304854, -0.223120973993928, 0.86033507327751013,
       -0.0048575882772334857, -0.96733417844250136,
       -0.25345797664799524 ]
T: !!opencv-matrix
   rows: 3
   cols: 1
   dt: d
   data: [ 89.742056976379402, -25.232996902732566, 831.8397444216165 ]
