%YAML:1.0
---
intrinsicMatrix: !!opencv-matrix
   rows: 3
   cols: 3
   dt: d
   data: [ 3913.2993464029032, 0., 0., 0., 3907.2429084843666, 0.,
       1582.6526886754486, 1115.3662769658595, 1. ]
distortionCoefficients: !!opencv-matrix
   rows: 1
   cols: 5
   dt: d
   data: [ 0.025915508601522641, -0.07094442869921852,
       -0.0034484025089202004, -0.0008350097468351631,
       0.22095703297260383 ]
R: !!opencv-matrix
   rows: 3
   cols: 3
   dt: d
   data: [ 0.67811411294278656, 0.58832217839477841,
       -0.44049771452050795, 0.73482827615149671, -0.55392674309498968,
       0.3913982539664439, -0.013735191083181473, -0.58910284262212931,
       -0.80794129750485666 ]
T: !!opencv-matrix
   rows: 3
   cols: 1
   dt: d
   data: [ -178.85614925133262, 45.522144089688027, 1322.8623594063884 ]
