%YAML:1.0
---
intrinsicMatrix: !!opencv-matrix
   rows: 3
   cols: 3
   dt: d
   data: [ 2996.2283819287377, 0., 0., 0., 2966.8441057819423, 0.,
       1447.1475993422187, 1164.0280916302711, 1. ]
distortionCoefficients: !!opencv-matrix
   rows: 1
   cols: 5
   dt: d
   data: [ 0.022587197721498076, -0.1019221726096667,
       -0.0015220575689921111, -0.015615761670156214,
       0.23802267847461217 ]
R: !!opencv-matrix
   rows: 3
   cols: 3
   dt: d
   data: [ -0.92462151951825722, 0.081091473491728114,
       -0.37215479418091629, 0.38088648732273628, 0.19868371253572381,
       -0.90302286322304859, 0.00071364078587719218,
       -0.97670308353404167, -0.21459387737146507 ]
T: !!opencv-matrix
   rows: 3
   cols: 1
   dt: d
   data: [ -30.63591852979981, -84.243212768610192, 1258.0352741807828 ]
