%YAML:1.0
---
intrinsicMatrix: !!opencv-matrix
   rows: 3
   cols: 3
   dt: d
   data: [ 2563.1307879085307, 0., 0., 0., 2543.0667500864752, 0.,
       1500.0574089642055, 1122.6352509776732, 1. ]
distortionCoefficients: !!opencv-matrix
   rows: 1
   cols: 5
   dt: d
   data: [ 0.0060754977481252822, -0.032959692152662326,
       -0.00076637777552707089, -0.0099442003757698738,
       0.056464679417938757 ]
R: !!opencv-matrix
   rows: 3
   cols: 3
   dt: d
   data: [ -0.99829211448015687, -0.015934701449381913,
       0.056204196619179699, -0.058328443966613568, 0.21820777681743372,
       -0.97415767928832275, 0.0032587185498389151, -0.97577221219281929,
       -0.21876454360599804 ]
T: !!opencv-matrix
   rows: 3
   cols: 1
   dt: d
   data: [ 37.949695670371874, -67.158527800547063, 1147.4448593402506 ]
