%YAML:1.0
---
intrinsicMatrix: !!opencv-matrix
   rows: 3
   cols: 3
   dt: d
   data: [ 3910.9286882190531, 0., 0., 0., 3907.5491516556672, 0.,
       1552.9730084819539, 1156.1796786168104, 1. ]
distortionCoefficients: !!opencv-matrix
   rows: 1
   cols: 5
   dt: d
   data: [ 0.023638584512647959, 0.02830974555468015,
       -1.3577300606141757e-05, -0.00064117323474104505,
       -0.17323703206588029 ]
R: !!opencv-matrix
   rows: 3
   cols: 3
   dt: d
   data: [ 0.69773907914819167, -0.57406176146877674, 0.4285011595199596,
       -0.7162158949570554, -0.57069930284302739, 0.40166792615409391,
       0.013963116492231377, -0.58715873751556713, -0.80935134719746138 ]
T: !!opencv-matrix
   rows: 3
   cols: 1
   dt: d
   data: [ 174.13088836892643, 38.602164854741659, 1335.9479652840228 ]
