%YAML:1.0
---
intrinsicMatrix: !!opencv-matrix
   rows: 3
   cols: 3
   dt: d
   data: [ 3116.2397606067079, 0., 0., 0., 3087.5589422196472, 0.,
       1456.8269677197061, 1142.6205879374877, 1. ]
distortionCoefficients: !!opencv-matrix
   rows: 1
   cols: 5
   dt: d
   data: [ 0.0010835569242663655, 0.085063406654500962,
       0.00038577055218793808, -0.013466430760921586,
       -0.16479379261523416 ]
R: !!opencv-matrix
   rows: 3
   cols: 3
   dt: d
   data: [ 0.44412793656159921, 0.17630216642217411, -0.8784462956501865,
       0.89568392235494187, -0.11185188272458085, 0.43039457817381593,
       -0.022376375696872116, -0.97796045849218416, -0.20758755817684621 ]
T: !!opencv-matrix
   rows: 3
   cols: 1
   dt: d
   data: [ -183.21895591550262, 1.8747252460141226, 955.93422959127759 ]
