%YAML:1.0
---
intrinsicMatrix: !!opencv-matrix
   rows: 3
   cols: 3
   dt: d
   data: [ 3916.3202014705421, 0., 0., 0., 3909.296110806878, 0.,
       1570.6550777082452, 1123.6594087440894, 1. ]
distortionCoefficients: !!opencv-matrix
   rows: 1
   cols: 5
   dt: d
   data: [ 0.030961485113437548, -0.025077491229421389,
       0.0023869371154553193, -0.0014771874047231561,
       -0.11860735649736266 ]
R: !!opencv-matrix
   rows: 3
   cols: 3
   dt: d
   data: [ -0.99821063808724209, -0.048720857018732446,
       0.034666588553997006, -0.059698763948558241, 0.84497306622358692,
       -0.53146646206069126, -0.0033988324161794165,
       -0.53258501816544845, -0.84636965992248991 ]
T: !!opencv-matrix
   rows: 3
   cols: 1
   dt: d
   data: [ 43.277000329402, -292.15941057917371, 1662.3582800139375 ]
