%YAML:1.0
---
intrinsicMatrix: !!opencv-matrix
   rows: 3
   cols: 3
   dt: d
   data: [ 2732.9484717321425, 0., 0., 0., 2731.8698463200367, 0.,
       1583.0779816091817, 1155.332255645322, 1. ]
distortionCoefficients: !!opencv-matrix
   rows: 1
   cols: 5
   dt: d
   data: [ 0.01333246100949771, -0.019785852967079295,
       0.00011510665232095859, -0.00043388156191960839,
       0.016115916819930409 ]
R: !!opencv-matrix
   rows: 3
   cols: 3
   dt: d
   data: [ -0.032483510673046112, 0.99935740232467651,
       0.015151772648095694, 0.99920058250427246, 0.032824408262968056,
       -0.02282059378921987, -0.023303277790546417, 0.014398367144167033,
       -0.99962472915649414 ]
T: !!opencv-matrix
   rows: 3
   cols: 1
   dt: d
   data: [ -193.40404077147656, -9.5345507951623407, 1299.2114391742068 ]
