%YAML:1.0
---
intrinsicMatrix: !!opencv-matrix
   rows: 3
   cols: 3
   dt: d
   data: [ 3907.3079516614957, 0., 0., 0., 3898.8355102256874, 0.,
       1533.9517617359254, 1115.3441126888679, 1. ]
distortionCoefficients: !!opencv-matrix
   rows: 1
   cols: 5
   dt: d
   data: [ 0.01574379890312087, 0.048769429493970895,
       -0.00048503178111721775, -0.003566564920429329,
       -0.24627220549964912 ]
R: !!opencv-matrix
   rows: 3
   cols: 3
   dt: d
   data: [ -0.6106119229937722, -0.64508098971990491,
       0.45937301668794867, -0.79174241508540033, 0.48464336429544408,
       -0.37183972751000538, 0.017234655306399081, -0.59075486084271545,
       -0.80666697956503008 ]
T: !!opencv-matrix
   rows: 3
   cols: 1
   dt: d
   data: [ 211.34594151380156, -213.24766682827612, 1518.0354760193177 ]
