%YAML:1.0
---
intrinsicMatrix: !!opencv-matrix
   rows: 3
   cols: 3
   dt: d
   data: [ 3153.7951590293324, 0., 0., 0., 3114.6208221073866, 0.,
       1521.8097072296396, 1191.2571098160433, 1. ]
distortionCoefficients: !!opencv-matrix
   rows: 1
   cols: 5
   dt: d
   data: [ 0.088249316606307346, -0.3449629288127547,
       0.0042065951349807675, -0.011042528233322862, 0.42049093294645767 ]
R: !!opencv-matrix
   rows: 3
   cols: 3
   dt: d
   data: [ 0.5315870638321617, -0.22422826398067966, 0.8167844583852355,
       -0.84699434607326041, -0.13620328097343232, 0.51385724605923988,
       -0.0039725939978833965, -0.96497166221486252,
       -0.26232396858199797 ]
T: !!opencv-matrix
   rows: 3
   cols: 1
   dt: d
   data: [ 233.01820810509059, -51.399319423170709, 950.80060211524506 ]
