%YAML:1.0
---
intrinsicMatrix: !!opencv-matrix
   rows: 3
   cols: 3
   dt: d
   data: [ 3908.5244912466023, 0., 0., 0., 3906.9716441842284, 0.,
       1592.0195742807007, 1200.6555583303966, 1. ]
distortionCoefficients: !!opencv-matrix
   rows: 1
   cols: 5
   dt: d
   data: [ 0.043760952096278977, -0.019294285366489528,
       0.0050149280301774778, 0.0022165639997667012,
       -0.23022366606181441 ]
R: !!opencv-matrix
   rows: 3
   cols: 3
   dt: d
   data: [ -0.68980498153347525, 0.59238111592778708,
       -0.41623752017916654, 0.72399026206269002, 0.56227346183524551,
       -0.39960815796200905, -0.0026810160761033988,
       -0.57700359730053552, -0.81673717665381007 ]
T: !!opencv-matrix
   rows: 3
   cols: 1
   dt: d
   data: [ -172.699965238901, -243.86417106510214, 1513.1679612540352 ]
