%YAML:1.0
---
intrinsicMatrix: !!opencv-matrix
   rows: 3
   cols: 3
   dt: d
   data: [ 3916.7487484711987, 0., 0., 0., 3915.9010756918196, 0.,
       1586.691900150706, 1077.3536815506948, 1. ]
distortionCoefficients: !!opencv-matrix
   rows: 1
   cols: 5
   dt: d
   data: [ 0.025319761007338536, -0.0028834145514246455,
       -0.0012433070584502626, -0.0018222806412446812,
       -0.11775397160723908 ]
R: !!opencv-matrix
   rows: 3
   cols: 3
   dt: d
   data: [ 0.99960836208023962, 0.024594696741007185,
       -0.01334899294439296, 0.02791339639168396, -0.84251047197962559,
       0.53795629214847318, 0.0019842058796193988, -0.53811821146395455,
       -0.84286701696724275 ]
T: !!opencv-matrix
   rows: 3
   cols: 1
   dt: d
   data: [ -3.1489970746747691, 131.5838635676098, 1412.98241601103 ]
