%YAML:1.0
---
intrinsicMatrix: !!opencv-matrix
   rows: 3
   cols: 3
   dt: d
   data: [ 3049.5826428908749, 0., 0., 0., 3086.0544490990292, 0.,
       1709.5837008457236, 1095.2174277240133, 1. ]
distortionCoefficients: !!opencv-matrix
   rows: 1
   cols: 5
   dt: d
   data: [ 0.015715897330663968, 0.0071648495786212334,
       1.1438439142990284e-05, 0.0035774589742778597,
       -0.081251673649897008 ]
R: !!opencv-matrix
   rows: 3
   cols: 3
   dt: d
   data: [ 0.88128755352654187, -0.11555377599435562,
       0.45823530609515967, -0.4725591850895447, -0.22467734314133975,
       0.85217835988643331, 0.0044826662460367497, -0.96755745690024375,
       -0.25261133779974054 ]
T: !!opencv-matrix
   rows: 3
   cols: 1
   dt: d
   data: [ 89.437275223055678, -10.869997601653949, 816.27598589947115 ]
