%YAML:1.0
---
intrinsicMatrix: !!opencv-matrix
   rows: 3
   cols: 3
   dt: d
   data: [ 3081.0218826578066, 0., 0., 0., 3096.0166477054095, 0.,
       1558.923429551561, 1233.6114192142081, 1. ]
distortionCoefficients: !!opencv-matrix
   rows: 1
   cols: 5
   dt: d
   data: [ 0.03004624072340295, -0.10147790487585744,
       0.0061240762623228501, -0.0025245987287096871,
       0.24370932240615728 ]
R: !!opencv-matrix
   rows: 3
   cols: 3
   dt: d
   data: [ 0.48364886890352787, 0.19811444976604445,
       -0.85254586932417387, 0.87473294413562042, -0.14327343300208217,
       0.46294173373320419, -0.030431726498776367, -0.96965117578917692,
       -0.24259126529594019 ]
T: !!opencv-matrix
   rows: 3
   cols: 1
   dt: d
   data: [ -232.82547336223561, -25.301948241597984, 944.55133399863871 ]
