%YAML:1.0
---
intrinsicMatrix: !!opencv-matrix
   rows: 3
   cols: 3
   dt: d
   data: [ 3941.7089476214146, 0., 0., 0., 3958.7528435253043, 0.,
       1593.4572409538966, 1146.4303393705643, 1. ]
distortionCoefficients: !!opencv-matrix
   rows: 1
   cols: 5
   dt: d
   data: [ 0.014478537372123023, 0.099549346852480194,
       -0.00037577973931655711, -0.00020465964883748425,
       -0.43407190123786055 ]
R: !!opencv-matrix
   rows: 3
   cols: 3
   dt: d
   data: [ 0.68765918756775712, 0.58252773215599551,
       -0.43334317338839073, 0.72568383957845894, -0.56999848169799328,
       0.38533718329396283, -0.022535354802537905, -0.5794507735613037,
       -0.81469563242234544 ]
T: !!opencv-matrix
   rows: 3
   cols: 1
   dt: d
   data: [ -199.28583424476878, 40.973878649248491, 1328.8816716930107 ]
