%YAML:1.0
---
intrinsicMatrix: !!opencv-matrix
   rows: 3
   cols: 3
   dt: d
   data: [ 3235.8050775317292, 0., 0., 0., 3252.92576381447, 0.,
       1471.4822054526721, 1006.4793013457418, 1. ]
distortionCoefficients: !!opencv-matrix
   rows: 1
   cols: 5
   dt: d
   data: [ -0.028682479978849849, 0.10883765714202595,
       -0.0058907610430464739, -0.014478049502693741,
       -0.13099657977362275 ]
R: !!opencv-matrix
   rows: 3
   cols: 3
   dt: d
   data: [ 0.53405059997364468, -0.17014513709654311,
       0.82815494437313131, -0.84537765672901866, -0.12050381767824941,
       0.52039936243292828, 0.011252413853856891, -0.97802325013759028,
       -0.2081920268830694 ]
T: !!opencv-matrix
   rows: 3
   cols: 1
   dt: d
   data: [ 258.67418670123112, 9.9782553884658682, 945.40887200279735 ]
