%YAML:1.0
---
intrinsicMatrix: !!opencv-matrix
   rows: 3
   cols: 3
   dt: d
   data: [ 2748.4458363238473, 0., 0., 0., 2748.1835845615519, 0.,
       1589.2809116367785, 1161.1173409830728, 1. ]
distortionCoefficients: !!opencv-matrix
   rows: 1
   cols: 5
   dt: d
   data: [ 0.013953499005692135, -0.017457071824565237,
       0.0013549292224797195, -0.0001080978973413856,
       -0.0034631184215094513 ]
R: !!opencv-matrix
   rows: 3
   cols: 3
   dt: d
   data: [ -0.020880034193396568, 0.99962371587753296,
       0.017789708450435742, 0.99911016225814819, 0.021514911204576461,
       -0.036277282983064672, -0.036646377295255661, 0.01701640896499072,
       -0.99918341636657715 ]
T: !!opencv-matrix
   rows: 3
   cols: 1
   dt: d
   data: [ -213.5596234393407, -18.792147423913612, 1307.4695807789208 ]
