%YAML:1.0
---
intrinsicMatrix: !!opencv-matrix
   rows: 3
   cols: 3
   dt: d
   data: [ 3957.6362195522283, 0., 0., 0., 3976.2201679970885, 0.,
       1554.9590734658368, 1151.7375084306188, 1. ]
distortionCoefficients: !!opencv-matrix
   rows: 1
   cols: 5
   dt: d
   data: [ 0.031004624635737731, -0.063049754777278894,
       -0.00086893423975563312, -0.0020918061564202204,
       0.096472680572372974 ]
R: !!opencv-matrix
   rows: 3
   cols: 3
   dt: d
   data: [ -0.68591860903651081, 0.59006478918968341,
       -0.42583944067621093, 0.72733017132470446, 0.53783685772783274,
       -0.4262890865862089, -0.022506035378764937, -0.60212547333174238,
       -0.79808421073309643 ]
T: !!opencv-matrix
   rows: 3
   cols: 1
   dt: d
   data: [ -166.5054524143714, -236.25574849285954, 1545.0371123536524 ]
