%YAML:1.0
---
intrinsicMatrix: !!opencv-matrix
   rows: 3
   cols: 3
   dt: d
   data: [ 3941.2346550814746, 0., 0., 0., 3959.5247357203498, 0.,
       1573.4778957956721, 1165.9889179966833, 1. ]
distortionCoefficients: !!opencv-matrix
   rows: 1
   cols: 5
   dt: d
   data: [ 0.041883327469539634, -0.071262795208123994,
       0.0041093541332377342, 0.00017891768148383617,
       -0.084174575716700922 ]
R: !!opencv-matrix
   rows: 3
   cols: 3
   dt: d
   data: [ -0.62473181132320244, -0.64077188414281794,
       0.44623041056428364, -0.77996511634932852, 0.48505701502377568,
       -0.39544172572792619, 0.036940747929288274, -0.59508916479761798,
       -0.80281024019864922 ]
T: !!opencv-matrix
   rows: 3
   cols: 1
   dt: d
   data: [ 213.1981450749908, -236.66395128019496, 1538.1469532857084 ]
