%YAML:1.0
---
intrinsicMatrix: !!opencv-matrix
   rows: 3
   cols: 3
   dt: d
   data: [ 3948.0680632319531, 0., 0., 0., 3964.7368251229332, 0.,
       1633.4216484274443, 1074.5043254648606, 1. ]
distortionCoefficients: !!opencv-matrix
   rows: 1
   cols: 5
   dt: d
   data: [ 0.014988896858216706, 0.083298739531349753,
       -0.0014159992653267604, 0.0030771747750330839,
       -0.27794072704083994 ]
R: !!opencv-matrix
   rows: 3
   cols: 3
   dt: d
   data: [ 0.99987277504606387, 0.015066382707920056,
       0.0052402989664010139, 0.0099822498976999182,
       -0.84721218662089526, 0.53116091207872074, 0.012442320257526856,
       -0.53104100836261003, -0.84725477324636289 ]
T: !!opencv-matrix
   rows: 3
   cols: 1
   dt: d
   data: [ -26.273603498155964, 146.49439251353181, 1414.8958007493291 ]
