%YAML:1.0
---
intrinsicMatrix: !!opencv-matrix
   rows: 3
   cols: 3
   dt: d
   data: [ 3959.4079201868244, 0., 0., 0., 3970.7767266004612, 0.,
       1630.0622642070305, 1110.8582930569016, 1. ]
distortionCoefficients: !!opencv-matrix
   rows: 1
   cols: 5
   dt: d
   data: [ 0.020580639144366975, 0.01919030018037712,
       8.9810783305553025e-05, 0.0038780545177807598,
       -0.1756194639494385 ]
R: !!opencv-matrix
   rows: 3
   cols: 3
   dt: d
   data: [ -0.99916989203213202, -0.038181458395710126,
       0.01420302752056447, -0.039640734947323349, 0.83090370622769494,
       -0.5550024253119924, 0.0093894517072252489, -0.55510471759140956,
       -0.83172748264639784 ]
T: !!opencv-matrix
   rows: 3
   cols: 1
   dt: d
   data: [ 24.466276693968666, -299.54569661572503, 1691.601890764081 ]
