%YAML:1.0
---
intrinsicMatrix: !!opencv-matrix
   rows: 3
   cols: 3
   dt: d
   data: [ 3045.5969260903148, 0., 0., 0., 3068.5995038812571, 0.,
       1617.9734699148048, 1157.6799070770535, 1. ]
distortionCoefficients: !!opencv-matrix
   rows: 1
   cols: 5
   dt: d
   data: [ -0.023503280189880078, 0.14813441911947928,
       -0.0034682785560544447, 0.0052811810674025456,
       -0.30916468581562667 ]
R: !!opencv-matrix
   rows: 3
   cols: 3
   dt: d
   data: [ 0.89007075950697112, 0.10185528269281541,
       -0.44429671094632867, 0.45577972713206938, -0.18553233699267324,
       0.87054157928138642, 0.0062378522098689038, -0.97734500983395522,
       -0.21156047749376111 ]
T: !!opencv-matrix
   rows: 3
   cols: 1
   dt: d
   data: [ -144.97508712183154, 24.330794376901395, 819.3289096679564 ]
