%YAML:1.0
---
intrinsicMatrix: !!opencv-matrix
   rows: 3
   cols: 3
   dt: d
   data: [ 3061.6042302862661, 0., 0., 0., 3095.9208302968759, 0.,
       1616.6979381172896, 1042.5790501797678, 1. ]
distortionCoefficients: !!opencv-matrix
   rows: 1
   cols: 5
   dt: d
   data: [ 0.1032515912254699, -0.62141428726050707,
       -0.006839014100186956, -0.00031863070092891303,
       1.1530109302095757 ]
R: !!opencv-matrix
   rows: 3
   cols: 3
   dt: d
   data: [ -0.4905935386564812, -0.17612630527621356,
       0.85340349619493405, -0.87121298780637313, 0.079480694670038113,
       -0.48442832085308335, 0.017491467823097875, -0.981153586298674,
       -0.19243623185761644 ]
T: !!opencv-matrix
   rows: 3
   cols: 1
   dt: d
   data: [ 220.9369504437804, -60.618669045474689, 1192.0077765375299 ]
