%YAML:1.0
---
intrinsicMatrix: !!opencv-matrix
   rows: 3
   cols: 3
   dt: d
   data: [ 3077.216753607036, 0., 0., 0., 3106.3747060927822, 0.,
       1593.6591492653429, 1084.6653300585531, 1. ]
distortionCoefficients: !!opencv-matrix
   rows: 1
   cols: 5
   dt: d
   data: [ 0.060592652278710031, -0.3031663546108489,
       -0.0035902428251147565, 0.0010344110697699525,
       0.50793639136760704 ]
R: !!opencv-matrix
   rows: 3
   cols: 3
   dt: d
   data: [ -0.51536638627181652, 0.11800264455625115,
       -0.84880674283274615, 0.85695532449639844, 0.076754266983217342,
       -0.50964340799172414, 0.0050102666875310748, -0.99004251080450778,
       -0.14067956039361482 ]
T: !!opencv-matrix
   rows: 3
   cols: 1
   dt: d
   data: [ -209.74041447521759, 14.402324912374979, 1207.3690649086498 ]
