%YAML:1.0
---
intrinsicMatrix: !!opencv-matrix
   rows: 3
   cols: 3
   dt: d
   data: [ 3026.6764383754057, 0., 0., 0., 3070.0083308640947, 0.,
       1698.427690548215, 1116.5644567786023, 1. ]
distortionCoefficients: !!opencv-matrix
   rows: 1
   cols: 5
   dt: d
   data: [ 0.037434428007048444, -0.056577779524833248,
       0.010139637601580468, 0.012749710671063659, 0.045641320760601234 ]
R: !!opencv-matrix
   rows: 3
   cols: 3
   dt: d
   data: [ -0.89343055904986868, -0.086748173290008918,
       0.44074552009766516, -0.44906630099002387, 0.14842550647478431,
       -0.88108420445217295, 0.011014567035003576, -0.98511148601022036,
       -0.17156355711129681 ]
T: !!opencv-matrix
   rows: 3
   cols: 1
   dt: d
   data: [ 91.355764268950693, -49.204081142829409, 1279.003877318446 ]
