%YAML:1.0
---
intrinsicMatrix: !!opencv-matrix
   rows: 3
   cols: 3
   dt: d
   data: [ 2995.0846148000769, 0., 0., 0., 3021.6479709115056, 0.,
       1574.4171490964586, 1070.0292185230587, 1. ]
distortionCoefficients: !!opencv-matrix
   rows: 1
   cols: 5
   dt: d
   data: [ 0.11387623093227862, -0.93810241137510475,
       -0.004539336577921777, -0.0016515513223704541, 2.4660595707955073 ]
R: !!opencv-matrix
   rows: 3
   cols: 3
   dt: d
   data: [ -0.90288640856851465, 0.072242786295065295,
       -0.42376542561899821, 0.42987915418420919, 0.15110686986295674,
       -0.89015205199469483, -0.00027319996640157049,
       -0.98587408399156562, -0.16748800124332663 ]
T: !!opencv-matrix
   rows: 3
   cols: 1
   dt: d
   data: [ -86.323485303848543, -46.58970775740454, 1278.6437218802071 ]
