%YAML:1.0
---
intrinsicMatrix: !!opencv-matrix
   rows: 3
   cols: 3
   dt: d
   data: [ 3941.4023976165495, 0., 0., 0., 3958.8412262680013, 0.,
       1535.4753855108672, 1139.0233161546325, 1. ]
distortionCoefficients: !!opencv-matrix
   rows: 1
   cols: 5
   dt: d
   data: [ 0.021501042452760456, 0.034174554809640795,
       -0.0022953118193274735, -0.0012219162885998538,
       -0.26769392670918113 ]
R: !!opencv-matrix
   rows: 3
   cols: 3
   dt: d
   data: [ 0.69142196714958459, -0.57482360777087205,
       0.43762256133768174, -0.72209045679351691, -0.568999888332403,
       0.39347750669856635, 0.022827030585408178, -0.58806205012948787,
       -0.80849364039370852 ]
T: !!opencv-matrix
   rows: 3
   cols: 1
   dt: d
   data: [ 188.39559589734122, 57.574626905278137, 1336.3435017814363 ]
