%YAML:1.0
---
intrinsicMatrix: !!opencv-matrix
   rows: 3
   cols: 3
   dt: d
   data: [ 2554.1841741640928, 0., 0., 0., 2570.8630919063216, 0.,
       1602.5131491484447, 1170.1335073075402, 1. ]
distortionCoefficients: !!opencv-matrix
   rows: 1
   cols: 5
   dt: d
   data: [ 0.019517586045945962, -0.19153253661441791,
       -0.0018223806725930368, 0.0033528493885575036,
       0.36219092496173033 ]
R: !!opencv-matrix
   rows: 3
   cols: 3
   dt: d
   data: [ -0.99993178023559459, -0.010209725811188623,
       0.0056762023581760062, -0.0077651003400605696,
       0.21792664220989794, -0.97593428611977029, 0.008727023609991804,
       -0.97591175691053134, -0.21799104676024181 ]
T: !!opencv-matrix
   rows: 3
   cols: 1
   dt: d
   data: [ -1.8846344707961542, -91.03648135227354, 1165.7800834541322 ]
