%YAML:1.0
---
intrinsicMatrix: !!opencv-matrix
   rows: 3
   cols: 3
   dt: d
   data: [ 3012.7856242873368, 0., 0., 0., 3015.4184057141852, 0.,
       1655.8355250478266, 1160.2824059224852, 1. ]
distortionCoefficients: !!opencv-matrix
   rows: 1
   cols: 5
   dt: d
   data: [ -0.0022604660258246059, -0.010763776587669702,
       -0.0013286195946847119, 0.0092740956036687586,
       0.0098473050405312058 ]
R: !!opencv-matrix
   rows: 3
   cols: 3
   dt: d
   data: [ 0.89473654885759213, 0.09393739905709636,
       -0.43660307847660279, 0.44655701143036231, -0.17554660131619304,
       0.87736552312740679, 0.0057732484010598276, -0.97997915147490899,
       -0.1990163610852311 ]
T: !!opencv-matrix
   rows: 3
   cols: 1
   dt: d
   data: [ 96.092676899842587, -61.502178571836794, 1240.8353946211196 ]
