%YAML:1.0
---
intrinsicMatrix: !!opencv-matrix
   rows: 3
   cols: 3
   dt: d
   data: [ 3938.6461308695848, 0., 0., 0., 3943.6457356867268, 0.,
       1591.338850026701, 1159.9412309205352, 1. ]
distortionCoefficients: !!opencv-matrix
   rows: 1
   cols: 5
   dt: d
   data: [ 0.028417191067323929, -0.10291270757245123,
       -0.0015469616749213078, 7.828452934554156e-05,
       0.30783109402940967 ]
R: !!opencv-matrix
   rows: 3
   cols: 3
   dt: d
   data: [ 0.6691985205801948, -0.60167371750881549, 0.43607574187387893,
       -0.74305734570094306, -0.53688973384634886, 0.39951874743768606,
       -0.0062553412841770354, -0.59138662900545769,
       -0.80636387905285645 ]
T: !!opencv-matrix
   rows: 3
   cols: 1
   dt: d
   data: [ -151.79382320426564, -222.82171973906361, 1523.1011071621974 ]
