%YAML:1.0
---
intrinsicMatrix: !!opencv-matrix
   rows: 3
   cols: 3
   dt: d
   data: [ 3917.5282541585366, 0., 0., 0., 3929.492064023887, 0.,
       1584.2691915785226, 1155.7075641921708, 1. ]
distortionCoefficients: !!opencv-matrix
   rows: 1
   cols: 5
   dt: d
   data: [ 0.022110443939591273, 0.05117722103473675,
       0.0023508474800579479, -0.0014101059448939424,
       -0.27724395161332932 ]
R: !!opencv-matrix
   rows: 3
   cols: 3
   dt: d
   data: [ -0.69914855744524385, -0.57481686517976471,
       0.4251785990211594, -0.71480466260920594, 0.57499136338827361,
       -0.39804429553122023, -0.015671447835237093, -0.58221173096194212,
       -0.81288614562879391 ]
T: !!opencv-matrix
   rows: 3
   cols: 1
   dt: d
   data: [ -172.86589002173008, 15.125684458416117, 1337.3401027131738 ]
