%YAML:1.0
---
intrinsicMatrix: !!opencv-matrix
   rows: 3
   cols: 3
   dt: d
   data: [ 3917.1485497565368, 0., 0., 0., 3928.4754063212304, 0.,
       1553.9946184882162, 1133.3304934410189, 1. ]
distortionCoefficients: !!opencv-matrix
   rows: 1
   cols: 5
   dt: d
   data: [ 0.022594876021511938, 0.048160834505076466,
       -0.0022615632865584517, 0.0017828009443845313,
       -0.35181018943890291 ]
R: !!opencv-matrix
   rows: 3
   cols: 3
   dt: d
   data: [ -0.67670953849141924, 0.58554498089621942,
       -0.4463196733289152, 0.7360478566064117, 0.55225201804209023,
       -0.39147323818807539, 0.01725575063764747, -0.59342630442598754,
       -0.8047033242055337 ]
T: !!opencv-matrix
   rows: 3
   cols: 1
   dt: d
   data: [ 153.22933317386784, 41.731997138743623, 1341.9213546175527 ]
