%YAML:1.0
---
intrinsicMatrix: !!opencv-matrix
   rows: 3
   cols: 3
   dt: d
   data: [ 3037.5935241706588, 0., 0., 0., 3041.831675325554, 0.,
       1698.2981425928904, 1186.1423893063652, 1. ]
distortionCoefficients: !!opencv-matrix
   rows: 1
   cols: 5
   dt: d
   data: [ -0.03979060640807907, 0.34002530109007195,
       0.0013863548383783119, 0.015091378753759417, -0.68087508442308098 ]
R: !!opencv-matrix
   rows: 3
   cols: 3
   dt: d
   data: [ -0.90917918613624504, -0.10251599043622454,
       0.40358847126741393, -0.41607638616734094, 0.18515410284431527,
       -0.89027997502906575, 0.016541872078300272, -0.97734764097173599,
       -0.21099273650369504 ]
T: !!opencv-matrix
   rows: 3
   cols: 1
   dt: d
   data: [ -154.65526462206205, 9.817951015471408, 845.26376948793313 ]
