%YAML:1.0
---
intrinsicMatrix: !!opencv-matrix
   rows: 3
   cols: 3
   dt: d
   data: [ 3941.3259566217816, 0., 0., 0., 3945.3507283689232, 0.,
       1588.1430052774001, 1151.6685842701454, 1. ]
distortionCoefficients: !!opencv-matrix
   rows: 1
   cols: 5
   dt: d
   data: [ 0.010210904327580714, 0.28530258911051709,
       0.0029924081080817616, -0.00054685344418760979,
       -1.3833351806055509 ]
R: !!opencv-matrix
   rows: 3
   cols: 3
   dt: d
   data: [ 0.99958836577212273, 0.024524651357501835,
       -0.014886753415807591, 0.028685082492881611, -0.8454994951519953,
       0.53320521809525545, 0.00048992922412723018, -0.53341275247655473,
       -0.84585493742540219 ]
T: !!opencv-matrix
   rows: 3
   cols: 1
   dt: d
   data: [ 44.93747488439881, -287.40016598634344, 1662.7378513822828 ]
