%YAML:1.0
---
intrinsicMatrix: !!opencv-matrix
   rows: 3
   cols: 3
   dt: d
   data: [ 2578.5725363846386, 0., 0., 0., 2593.8873004520638, 0.,
       1674.4323412384672, 1108.2968211409363, 1. ]
distortionCoefficients: !!opencv-matrix
   rows: 1
   cols: 5
   dt: d
   data: [ -0.0026831314957792471, 0.043438461620308656,
       0.00020358797012315786, 0.012864486891466888,
       -0.085594773095882828 ]
R: !!opencv-matrix
   rows: 3
   cols: 3
   dt: d
   data: [ 0.99922031409918033, 0.0057778102508777851,
       0.039055802881177819, -0.037025340052363763, -0.20629025156329064,
       0.97779010588565118, 0.013706316532301052, -0.97847377642598687,
       -0.20591548129262779 ]
T: !!opencv-matrix
   rows: 3
   cols: 1
   dt: d
   data: [ -30.295811772990753, -55.179998607749212, 1135.1891117979565 ]
