%YAML:1.0
---
intrinsicMatrix: !!opencv-matrix
   rows: 3
   cols: 3
   dt: d
   data: [ 3007.8325513525588, 0., 0., 0., 3009.021152938381, 0.,
       1558.9530027435835, 1093.1009275830211, 1. ]
distortionCoefficients: !!opencv-matrix
   rows: 1
   cols: 5
   dt: d
   data: [ 0.035102225883470728, -0.38797889552430048,
       -0.0085872376714487119, -0.0043035730473080297,
       1.0939448389311894 ]
R: !!opencv-matrix
   rows: 3
   cols: 3
   dt: d
   data: [ 0.89777460208661464, -0.077886909542905322,
       0.43351397683180748, -0.44043137714918484, -0.16897607121707645,
       0.88174107551050662, 0.0045774007606417472, -0.98253788625835492,
       -0.18600626110814228 ]
T: !!opencv-matrix
   rows: 3
   cols: 1
   dt: d
   data: [ -60.784183540606463, -50.343163645793538, 1250.1935184205424 ]
