%YAML:1.0
---
intrinsicMatrix: !!opencv-matrix
   rows: 3
   cols: 3
   dt: d
   data: [ 3035.9744842084338, 0., 0., 0., 3050.3117230742887, 0.,
       1612.6836337834561, 1115.2619096350334, 1. ]
distortionCoefficients: !!opencv-matrix
   rows: 1
   cols: 5
   dt: d
   data: [ 0.02107232734753383, 0.048180556892605274,
       0.00096403464421199745, -0.006376715438849003,
       -0.33169049647392129 ]
R: !!opencv-matrix
   rows: 3
   cols: 3
   dt: d
   data: [ -0.88735200551955051, 0.12301036109973175,
       -0.4443814175919133, 0.46101957827332807, 0.21953650556436574,
       -0.85980503955093324, -0.0082069843060590016,
       -0.96781824536580696, -0.25151633952457492 ]
T: !!opencv-matrix
   rows: 3
   cols: 1
   dt: d
   data: [ 95.059883733226727, -24.635791833018175, 839.27012791463369 ]
