%YAML:1.0
---
intrinsicMatrix: !!opencv-matrix
   rows: 3
   cols: 3
   dt: d
   data: [ 3112.046986574227, 0., 0., 0., 3126.125852254027, 0.,
       1646.8999987869354, 1258.7024663121178, 1. ]
distortionCoefficients: !!opencv-matrix
   rows: 1
   cols: 5
   dt: d
   data: [ 0.042167437613769169, -0.059479050908133296,
       0.013703628087162139, 0.0064183792752168572, 0.12153664202522026 ]
R: !!opencv-matrix
   rows: 3
   cols: 3
   dt: d
   data: [ 0.86025402753397262, -0.13746550564971949,
       0.49098491626822727, -0.50965460268042928, -0.20413498362696489,
       0.83581163312571549, -0.014668070866716664, -0.96924308099081513,
       -0.24566787699444495 ]
T: !!opencv-matrix
   rows: 3
   cols: 1
   dt: d
   data: [ -242.42251477989157, -36.430508727349661, 961.27281600810522 ]
