%YAML:1.0
---
intrinsicMatrix: !!opencv-matrix
   rows: 3
   cols: 3
   dt: d
   data: [ 3031.9245012261113, 0., 0., 0., 3058.4862348258102, 0.,
       1698.0321474663738, 1308.4787591467084, 1. ]
distortionCoefficients: !!opencv-matrix
   rows: 1
   cols: 5
   dt: d
   data: [ -0.011034228825052228, 0.17937833696095024,
       0.011974200818264816, 0.012249561630101555, -0.40498082402809632 ]
R: !!opencv-matrix
   rows: 3
   cols: 3
   dt: d
   data: [ 0.42944076411766868, -0.21579386384748345,
       0.87693419569240116, -0.90286129574378959, -0.12467846599317504,
       0.41145686579207441, 0.020544943914595878, -0.96844632996203073,
       -0.24837395072973364 ]
T: !!opencv-matrix
   rows: 3
   cols: 1
   dt: d
   data: [ -160.14672801400275, -22.083334185113472, 835.11937041739213 ]
