%YAML:1.0
---
intrinsicMatrix: !!opencv-matrix
   rows: 3
   cols: 3
   dt: d
   data: [ 3886.1822635660196, 0., 0., 0., 3890.0930052219578, 0.,
       1463.6231528666938, 1113.2702777592351, 1. ]
distortionCoefficients: !!opencv-matrix
   rows: 1
   cols: 5
   dt: d
   data: [ 0.025443613839941401, 0.043311754273442221,
       -0.0019318749235488438, -0.010440495559302588,
       -0.22011337591339089 ]
R: !!opencv-matrix
   rows: 3
   cols: 3
   dt: d
   data: [ -0.7159578458160788, -0.56005234049165398,
       0.41682812292249782, -0.69814298530151575, 0.57505907159153369,
       -0.42650138088472156, -0.00083769823491961382,
       -0.59636266145278449, -0.80271469553328578 ]
T: !!opencv-matrix
   rows: 3
   cols: 1
   dt: d
   data: [ 194.49267869227396, 55.605677978941458, 1320.6571208793052 ]
