%YAML:1.0
---
intrinsicMatrix: !!opencv-matrix
   rows: 3
   cols: 3
   dt: d
   data: [ 3184.1520250207445, 0., 0., 0., 3201.5841927055426, 0.,
       1518.4435720092727, 1070.2067116435242, 1. ]
distortionCoefficients: !!opencv-matrix
   rows: 1
   cols: 5
   dt: d
   data: [ 0.044529492752087105, -0.23089718254592775,
       0.0012012470569880028, -0.011448511883909766, 0.49085806893603073 ]
R: !!opencv-matrix
   rows: 3
   cols: 3
   dt: d
   data: [ -0.85435778874765456, -0.11647663280145963,
       0.50646412306532085, -0.51968416964964592, 0.18952893043741126,
       -0.83307090933774197, 0.001043689465359175, -0.97494204199179757,
       -0.22245658814168837 ]
T: !!opencv-matrix
   rows: 3
   cols: 1
   dt: d
   data: [ 224.60125049958313, -11.333702756327057, 948.58842592939504 ]
