%YAML:1.0
---
intrinsicMatrix: !!opencv-matrix
   rows: 3
   cols: 3
   dt: d
   data: [ 3896.7346302643109, 0., 0., 0., 3906.3780110558578, 0.,
       1723.5289665364369, 1038.5951898947151, 1. ]
distortionCoefficients: !!opencv-matrix
   rows: 1
   cols: 5
   dt: d
   data: [ 0.036039174731312337, -0.10241878176477485,
       -0.0055181119636969903, 0.007464667249011586, 0.39288117289911689 ]
R: !!opencv-matrix
   rows: 3
   cols: 3
   dt: d
   data: [ -0.004881966473779387, -0.83763319698023253,
       0.54621125844758689, -0.99953704748374517, -0.012316047925602669,
       -0.027820807194890294, 0.030030795954938631, -0.54609422929491991,
       -0.8371853153057438 ]
T: !!opencv-matrix
   rows: 3
   cols: 1
   dt: d
   data: [ -61.987673522522357, 140.87283148927349, 1408.4048515568254 ]
