%YAML:1.0
---
intrinsicMatrix: !!opencv-matrix
   rows: 3
   cols: 3
   dt: d
   data: [ 2734.0878589473009, 0., 0., 0., 2733.1090029539459, 0.,
       1593.1100736441783, 1189.9281247763383, 1. ]
distortionCoefficients: !!opencv-matrix
   rows: 1
   cols: 5
   dt: d
   data: [ 0.02333425775534553, -0.047594775283435711,
       0.0015554661477438806, -0.00059802711628018329,
       0.028172321796903019 ]
R: !!opencv-matrix
   rows: 3
   cols: 3
   dt: d
   data: [ 0.9995536208152771, 0.0190715696662664, -0.022995205596089398,
       0.018456418067216873, -0.99947381019592285, -0.026673113927243374,
       -0.023491803556680679, 0.026236798614261769, -0.99937969446182251 ]
T: !!opencv-matrix
   rows: 3
   cols: 1
   dt: d
   data: [ -192.81388371392998, -35.229496353215957, 1301.2632536033716 ]
