%YAML:1.0
---
intrinsicMatrix: !!opencv-matrix
   rows: 3
   cols: 3
   dt: d
   data: [ 3036.4215732662174, 0., 0., 0., 3059.0228406610868, 0.,
       1446.4500462963765, 959.40246278538359, 1. ]
distortionCoefficients: !!opencv-matrix
   rows: 1
   cols: 5
   dt: d
   data: [ -0.00039787799226390628, -0.0047008479484589825,
       -0.017076359751701742, -0.01333800530833636, 0.060811210158956637 ]
R: !!opencv-matrix
   rows: 3
   cols: 3
   dt: d
   data: [ 0.39414801601113608, 0.13101785411689668,
       -0.90966016100077818, 0.91904560219876552, -0.054484098005392022,
       0.39036733442445065, 0.0015830783825409361, -0.98988171605325603,
       -0.14188618757572122 ]
T: !!opencv-matrix
   rows: 3
   cols: 1
   dt: d
   data: [ -20.356431478880268, 4.0842805002300793, 1269.0599228469252 ]
