%YAML:1.0
---
intrinsicMatrix: !!opencv-matrix
   rows: 3
   cols: 3
   dt: d
   data: [ 2994.2616500888512, 0., 0., 0., 2962.2738533070874, 0.,
       1551.5781006864911, 1180.5681028213255, 1. ]
distortionCoefficients: !!opencv-matrix
   rows: 1
   cols: 5
   dt: d
   data: [ 0.20817333132197524, -1.2694395254854607,
       -0.014374951374398304, -0.004766722761037877, 2.06046793690729 ]
R: !!opencv-matrix
   rows: 3
   cols: 3
   dt: d
   data: [ -0.88073427567740936, 0.11390484889155589,
       -0.45970943668893022, 0.47360221260269475, 0.21762548671541657,
       -0.85342842898025917, 0.0028348531232223716, -0.96936310988627805,
       -0.24561582387511185 ]
T: !!opencv-matrix
   rows: 3
   cols: 1
   dt: d
   data: [ 228.56242593645902, -112.67816714686546, 1162.3670892792582 ]
