%YAML:1.0
---
intrinsicMatrix: !!opencv-matrix
   rows: 3
   cols: 3
   dt: d
   data: [ 3039.2296188967512, 0., 0., 0., 3039.775569244001, 0.,
       1540.8063445604757, 1075.5575256226978, 1. ]
distortionCoefficients: !!opencv-matrix
   rows: 1
   cols: 5
   dt: d
   data: [ 0.015495525658917417, -0.040774432872009388,
       -0.003848301946577959, -0.017717070544119237, 0.10424998113465825 ]
R: !!opencv-matrix
   rows: 3
   cols: 3
   dt: d
   data: [ -0.42539649985348943, -0.21107125563368329,
       0.88004925321966676, -0.90490055147281578, 0.11412116365096779,
       -0.41003822211245949, -0.013884964184908867, -0.97078591384633595,
       -0.23954524705281829 ]
T: !!opencv-matrix
   rows: 3
   cols: 1
   dt: d
   data: [ 122.7817226957647, -10.14881732947606, 822.83410744961861 ]
