%YAML:1.0
---
intrinsicMatrix: !!opencv-matrix
   rows: 3
   cols: 3
   dt: d
   data: [ 3966.7704549591185, 0., 0., 0., 3975.4418467845094, 0.,
       1522.5679478627051, 1135.5229886375455, 1. ]
distortionCoefficients: !!opencv-matrix
   rows: 1
   cols: 5
   dt: d
   data: [ 0.032622297224694272, -0.093441314779489248,
       -0.0060995297784753764, -0.002780104937075447,
       0.25099264118836179 ]
R: !!opencv-matrix
   rows: 3
   cols: 3
   dt: d
   data: [ 0.72578136102544388, 0.54313453150331181,
       -0.42219218587226942, 0.68766595955438625, -0.58966081084691302,
       0.42357484328452483, -0.01889206185054149, -0.5977499420458513,
       -0.80145998335643298 ]
T: !!opencv-matrix
   rows: 3
   cols: 1
   dt: d
   data: [ -135.41835031249281, -219.81244722663405, 1543.3614576796945 ]
