%YAML:1.0
---
intrinsicMatrix: !!opencv-matrix
   rows: 3
   cols: 3
   dt: d
   data: [ 3018.5649399559916, 0., 0., 0., 3021.933432508627, 0.,
       1719.770641059265, 1112.2441540953057, 1. ]
distortionCoefficients: !!opencv-matrix
   rows: 1
   cols: 5
   dt: d
   data: [ -0.0086960138530840555, 0.13941881029551556,
       1.6169851852408044e-05, 0.018523730802312274,
       -0.33322878533639894 ]
R: !!opencv-matrix
   rows: 3
   cols: 3
   dt: d
   data: [ -0.44092996695771269, 0.16066836443057247,
       -0.88304381887013261, 0.89750849946253686, 0.087364648475421955,
       -0.43225675614300685, 0.007696827295709396, -0.98313432485637631,
       -0.18272292214512642 ]
T: !!opencv-matrix
   rows: 3
   cols: 1
   dt: d
   data: [ 75.293170077209467, -43.917095967300611, 1253.6936680293709 ]
