%YAML:1.0
---
intrinsicMatrix: !!opencv-matrix
   rows: 3
   cols: 3
   dt: d
   data: [ 3897.7762502693827, 0., 0., 0., 3909.4080774324721, 0.,
       1557.747242724138, 1175.3222216002025, 1. ]
distortionCoefficients: !!opencv-matrix
   rows: 1
   cols: 5
   dt: d
   data: [ 0.025671967187470227, 0.15605423740424887,
       0.007078747421419505, 0.0020754177071543064, -0.86470169220643101 ]
R: !!opencv-matrix
   rows: 3
   cols: 3
   dt: d
   data: [ -0.78044548034391115, 0.49585882510336571,
       -0.38082649975119115, 0.62472556733993589, 0.64278256514282184,
       -0.44333794232189583, 0.0249556036706053, -0.58391316419146988,
       -0.81143246340519182 ]
T: !!opencv-matrix
   rows: 3
   cols: 1
   dt: d
   data: [ 203.59941412918346, -227.94195902024683, 1511.7498324899993 ]
