%YAML:1.0
---
intrinsicMatrix: !!opencv-matrix
   rows: 3
   cols: 3
   dt: d
   data: [ 2573.2969470607368, 0., 0., 0., 2583.9565722800876, 0.,
       1579.8538831965102, 1049.9967716967435, 1. ]
distortionCoefficients: !!opencv-matrix
   rows: 1
   cols: 5
   dt: d
   data: [ -0.029628418649029997, 0.021247898959924478,
       -0.013766130628412926, 0.0035377606024365022, 0.09731235290921382 ]
R: !!opencv-matrix
   rows: 3
   cols: 3
   dt: d
   data: [ -0.013743284469876443, 0.18412303766006513,
       -0.98280708904122316, 0.99987198443148284, 0.010584466892668789,
       -0.011998977108485373, 0.008193202078973635, -0.9828462146332162,
       -0.18424494011865669 ]
T: !!opencv-matrix
   rows: 3
   cols: 1
   dt: d
   data: [ 11.197795140416876, -31.208511077603362, 1147.1453611389302 ]
