%YAML:1.0
---
intrinsicMatrix: !!opencv-matrix
   rows: 3
   cols: 3
   dt: d
   data: [ 3946.2008128026637, 0., 0., 0., 3954.6910769440838, 0.,
       1609.368575539459, 1099.511007176664, 1. ]
distortionCoefficients: !!opencv-matrix
   rows: 1
   cols: 5
   dt: d
   data: [ 0.019028598302814819, 0.1101726071105464,
       -0.0022442914093857972, 0.0061893540454210048,
       -0.65214774608166459 ]
R: !!opencv-matrix
   rows: 3
   cols: 3
   dt: d
   data: [ -0.03987401868193529, 0.83718032166675449,
       -0.54547146284931791, 0.99918658754808165, 0.036695638585478189,
       -0.01672079587900465, 0.006018103375301829, -0.54569451335709773,
       -0.83796258189862005 ]
T: !!opencv-matrix
   rows: 3
   cols: 1
   dt: d
   data: [ 35.408835276382213, -275.97266687927618, 1676.6334075638592 ]
