%YAML:1.0
---
intrinsicMatrix: !!opencv-matrix
   rows: 3
   cols: 3
   dt: d
   data: [ 3128.3968279800865, 0., 0., 0., 3141.290280804903, 0.,
       1522.9431217935125, 1035.2158204963457, 1. ]
distortionCoefficients: !!opencv-matrix
   rows: 1
   cols: 5
   dt: d
   data: [ 0.014597044872161966, -0.035654589934011813,
       -0.0098681588153744591, -0.0063693638770681649,
       0.14914753282368617 ]
R: !!opencv-matrix
   rows: 3
   cols: 3
   dt: d
   data: [ 0.84598900691437706, 0.081990398269232212,
       -0.52685872860431093, 0.53302827234406092, -0.10494831142456548,
       0.83956340109192551, 0.013543205612771867, -0.9910920411618922,
       -0.13248832275246375 ]
T: !!opencv-matrix
   rows: 3
   cols: 1
   dt: d
   data: [ -161.10439995448297, 35.294068700685784, 1217.024637604939 ]
