%YAML:1.0
---
intrinsicMatrix: !!opencv-matrix
   rows: 3
   cols: 3
   dt: d
   data: [ 3927.6287766404121, 0., 0., 0., 3941.3755813088565, 0.,
       1656.9611834984621, 1216.7748346845215, 1. ]
distortionCoefficients: !!opencv-matrix
   rows: 1
   cols: 5
   dt: d
   data: [ 0.055376622505368928, -0.19701711241805797,
       0.0060760404082994017, 0.0024054762404480375, 0.47271826555745144 ]
R: !!opencv-matrix
   rows: 3
   cols: 3
   dt: d
   data: [ 0.71810553539754063, -0.57268163005438077,
       0.39542399492764896, -0.69593047188386148, -0.58906372457588052,
       0.4107124277816539, -0.0022775311987586686, -0.5701224967272881,
       -0.82155654687645141 ]
T: !!opencv-matrix
   rows: 3
   cols: 1
   dt: d
   data: [ -206.92434303224414, 2.2216695576470329, 1336.2327078311628 ]
